-30.000000 -10.000000 30.000000 
-29.958132 -7.771482 30.116923 
-29.670213 -5.447020 30.279914 
-29.047617 -2.918159 30.203574 
-28.053086 -0.166024 29.777515 
-26.719769 2.767193 29.083554 
-25.186145 5.722771 28.341920 
-23.586881 8.546528 27.752676 
-21.978462 11.209082 27.412096 
-20.359650 13.760532 27.320666 
-18.719988 16.249400 27.426803 
-17.055009 18.705226 27.667421 
-15.366706 21.142750 27.988831 
-13.660276 23.569123 28.352538 
-11.941655 25.988484 28.733827 
-10.216404 28.403994 29.118277 
-8.489408 30.818528 29.498425 
-6.764902 33.234812 29.871162 
-5.046595 35.655396 30.235904 
-3.337771 38.082616 30.593366 
-1.641363 40.518555 30.944783 
0.040001 42.965028 31.291436 
1.703987 45.423575 31.634394 
3.348546 47.895452 31.974432 
4.971936 50.381639 32.311590 
6.572559 52.882553 32.643189 
8.149087 55.398276 32.946749 
9.700704 57.929619 33.203525 
11.226016 60.477362 33.436116 
12.723429 63.041802 33.667826 
14.191897 65.623214 33.900687 
15.630816 68.221501 34.134399 
17.040104 70.836277 34.368417 
18.420239 73.466853 34.602282 
19.772299 76.112262 34.835619 
21.098009 78.771263 35.068143 
22.399771 81.442358 35.299641 
23.680697 84.123795 35.529948 
24.944638 86.813569 35.758947 
26.196201 89.509431 35.986602 
27.439926 92.206991 36.212919 
28.679809 94.898583 36.437632 
29.920261 97.575315 36.660008 
31.166872 100.228769 36.879496 
32.426546 102.851276 37.096038 
33.707398 105.435642 37.309324 
35.018883 107.974905 37.518817 
36.372047 110.463308 37.692549 
37.774688 112.895495 37.797102 
39.223422 115.266766 37.861981 
40.709618 117.575402 37.921107 
42.225074 119.821741 37.977171 
43.762837 122.006490 38.030149 
45.317158 124.130442 38.080243 
46.883425 126.194480 38.127642 
48.458110 128.199566 38.172521 
50.038725 130.146744 38.215046 
51.623787 132.037125 38.255376 
53.212789 133.871879 38.293672 
54.806175 135.652220 38.330094 
56.405318 137.379391 38.364805 
58.012498 139.054647 38.397975 
59.630884 140.679238 38.429782 
61.264515 142.254385 38.460408 
62.918280 143.781259 38.490044 
64.597910 145.260953 38.518883 
66.309973 146.694436 38.547108 
68.059481 148.080510 38.574822 
69.848696 149.415008 38.602041 
71.679044 150.692575 38.628759 
73.551756 151.907258 38.654968 
75.467753 153.052500 38.680656 
77.427512 154.121160 38.705809 
79.430931 155.105548 38.730409 
81.477169 155.997494 38.754432 
83.564494 156.788450 38.777853 
85.690126 157.469649 38.800641 
87.850098 158.032319 38.822762 
90.039150 158.467970 38.844184 
92.250687 158.768748 38.864870 
94.476817 158.927847 38.884792 
96.708505 158.939958 38.903924 
98.935866 158.801696 38.922248 
101.148569 158.511951 38.939758 
103.336354 158.072100 38.956455 
105.489579 157.486022 38.972355 
107.599728 156.759915 38.987478 
109.659829 155.901932 39.001855 
111.664718 154.921711 39.015515 
113.611148 153.829870 39.028491 
115.497773 152.637534 39.040811 
117.325022 151.355938 39.052501 
119.094919 149.996127 39.063580 
120.810874 148.568756 39.074061 
122.477467 147.083968 39.083951 
124.100243 145.551346 39.093258 
125.685527 143.979921 39.102001 
127.240251 142.378212 39.110478 
128.771793 140.754319 39.122346 
130.287148 139.116702 39.185326 
131.640056 137.587861 39.986340 
