0 -0.563457 
1 0.373464 
2 0.691140 
3 0.718404 
4 0.327404 
5 -0.172885 
6 -0.471062 
7 -0.516932 
8 -0.426644 
9 -0.300588 
10 -0.187845 
11 -0.104064 
12 -0.048501 
13 -0.014870 
14 0.003508 
15 0.012054 
16 0.014713 
17 0.014161 
18 0.012131 
19 0.009706 
20 0.007515 
21 0.005844 
22 0.004726 
23 0.005701 
24 0.014379 
25 0.086863 
26 0.082116 
27 0.005269 
28 -0.002070 
29 -0.002053 
30 -0.000990 
31 -0.000089 
32 0.000671 
33 0.001261 
34 0.001697 
35 0.002032 
36 0.002290 
37 0.002454 
38 0.002418 
39 0.002305 
40 0.003092 
41 0.004520 
42 0.004372 
43 0.003706 
44 0.003692 
45 0.003731 
46 0.120946 
47 0.131783 
48 0.015666 
49 0.003873 
50 0.004482 
51 0.004187 
52 0.003925 
53 0.003692 
54 0.003484 
55 0.003293 
56 0.003112 
57 0.002933 
58 0.002751 
59 0.002559 
60 0.002354 
61 0.002134 
62 0.001899 
63 0.001654 
64 0.001409 
65 0.001224 
66 0.001189 
67 0.001198 
68 0.001215 
69 0.001239 
70 0.001269 
71 0.001309 
72 0.001358 
73 0.001417 
74 0.001486 
75 0.001563 
76 0.001646 
77 0.001729 
78 0.001808 
79 0.001877 
80 0.001930 
81 0.001960 
82 0.001966 
83 0.001945 
84 0.001900 
85 0.001838 
86 0.001763 
87 0.001686 
88 0.001611 
89 0.001546 
90 0.001493 
91 0.001453 
92 0.001427 
93 0.001413 
94 0.001403 
95 0.001310 
96 -0.000026 
97 -0.016313 
98 -0.229979 
99 -3.486672 
