0 0.000000 
1 -0.104803 
2 -0.035339 
3 0.093213 
4 0.226837 
5 0.287734 
6 0.255577 
7 0.167959 
8 0.071810 
9 -0.007546 
10 -0.063455 
11 -0.098394 
12 -0.117750 
13 -0.126771 
14 -0.129537 
15 -0.128885 
16 -0.126643 
17 -0.123906 
18 -0.121272 
19 -0.119016 
20 -0.117211 
21 -0.115813 
22 -0.114726 
23 -0.113847 
24 -0.112786 
25 -0.110112 
26 -0.093955 
27 -0.078682 
28 -0.077702 
29 -0.078087 
30 -0.078469 
31 -0.078653 
32 -0.078669 
33 -0.078544 
34 -0.078310 
35 -0.077994 
36 -0.077616 
37 -0.077190 
38 -0.076734 
39 -0.076284 
40 -0.075855 
41 -0.075280 
42 -0.074439 
43 -0.073626 
44 -0.072937 
45 -0.072250 
46 -0.071556 
47 -0.049060 
48 -0.024549 
49 -0.021635 
50 -0.020914 
51 -0.020081 
52 -0.019302 
53 -0.018572 
54 -0.017885 
55 -0.017237 
56 -0.016625 
57 -0.016046 
58 -0.015501 
59 -0.014989 
60 -0.014513 
61 -0.014075 
62 -0.013678 
63 -0.013325 
64 -0.013017 
65 -0.012755 
66 -0.012528 
67 -0.012306 
68 -0.012084 
69 -0.011858 
70 -0.011627 
71 -0.011391 
72 -0.011148 
73 -0.010895 
74 -0.010632 
75 -0.010355 
76 -0.010064 
77 -0.009758 
78 -0.009437 
79 -0.009100 
80 -0.008751 
81 -0.008392 
82 -0.008028 
83 -0.007662 
84 -0.007300 
85 -0.006947 
86 -0.006605 
87 -0.006277 
88 -0.005963 
89 -0.005664 
90 -0.005376 
91 -0.005099 
92 -0.004828 
93 -0.004563 
94 -0.004300 
95 -0.004039 
96 -0.003795 
97 -0.003800 
98 -0.006834 
99 -0.049611 
100 -0.698132 
