0 0.000000 
1 -0.698132 
2 -0.698132 
3 -0.698132 
4 -0.590999 
5 -0.397647 
6 -0.296858 
7 -0.233357 
8 -0.184949 
9 -0.145630 
10 -0.112842 
11 -0.085005 
12 -0.061033 
13 -0.040144 
14 -0.021761 
15 -0.005457 
16 0.009084 
17 0.022097 
18 0.033748 
19 0.044150 
20 0.053372 
21 0.061444 
22 0.068364 
23 0.074104 
24 0.078614 
25 0.081828 
26 0.084602 
27 0.089647 
28 0.094165 
29 0.097154 
30 0.098526 
31 0.098191 
32 0.096052 
33 0.092014 
34 0.085985 
35 0.077879 
36 0.067613 
37 0.055110 
38 0.040302 
39 0.023123 
40 0.003504 
41 -0.018629 
42 -0.043374 
43 -0.070882 
44 -0.101474 
45 -0.135762 
46 -0.174419 
47 -0.208260 
48 -0.205141 
49 -0.186555 
50 -0.168406 
51 -0.153126 
52 -0.140566 
53 -0.130504 
54 -0.122767 
55 -0.117223 
56 -0.113762 
57 -0.112293 
58 -0.112732 
59 -0.114994 
60 -0.118992 
61 -0.124623 
62 -0.131770 
63 -0.140294 
64 -0.150040 
65 -0.160847 
66 -0.172682 
67 -0.185770 
68 -0.200103 
69 -0.215581 
70 -0.232092 
71 -0.249500 
72 -0.267642 
73 -0.286319 
74 -0.305284 
75 -0.324233 
76 -0.342788 
77 -0.360492 
78 -0.376803 
79 -0.391105 
80 -0.402733 
81 -0.411023 
82 -0.415381 
83 -0.415358 
84 -0.410726 
85 -0.401504 
86 -0.387958 
87 -0.370543 
88 -0.349823 
89 -0.326390 
90 -0.300802 
91 -0.273547 
92 -0.245028 
93 -0.215564 
94 -0.185407 
95 -0.154749 
96 -0.123737 
97 -0.092485 
98 -0.061083 
99 -0.030370 
100 -0.698132 
