0 -3.753396 
1 -0.000000 
2 -0.000000 
3 0.575983 
4 1.039524 
5 0.541879 
6 0.341404 
7 0.260260 
8 0.211390 
9 0.176280 
10 0.149658 
11 0.128882 
12 0.112311 
13 0.098833 
14 0.087652 
15 0.078179 
16 0.069961 
17 0.062641 
18 0.055927 
19 0.049580 
20 0.043396 
21 0.037205 
22 0.030862 
23 0.024247 
24 0.017281 
25 0.014911 
26 0.027126 
27 0.024290 
28 0.016068 
29 0.007378 
30 -0.001804 
31 -0.011500 
32 -0.021708 
33 -0.032410 
34 -0.043582 
35 -0.055196 
36 -0.067218 
37 -0.079614 
38 -0.092364 
39 -0.105474 
40 -0.118995 
41 -0.133039 
42 -0.147891 
43 -0.164476 
44 -0.184339 
45 -0.207835 
46 -0.181943 
47 0.016771 
48 0.099921 
49 0.097579 
50 0.082150 
51 0.067523 
52 0.054100 
53 0.041595 
54 0.029809 
55 0.018605 
56 0.007897 
57 -0.002358 
58 -0.012165 
59 -0.021492 
60 -0.030275 
61 -0.038422 
62 -0.045829 
63 -0.052400 
64 -0.058101 
65 -0.063627 
66 -0.070366 
67 -0.077058 
68 -0.083219 
69 -0.088767 
70 -0.093589 
71 -0.097538 
72 -0.100414 
73 -0.101966 
74 -0.101875 
75 -0.099758 
76 -0.095182 
77 -0.087694 
78 -0.076893 
79 -0.062517 
80 -0.044571 
81 -0.023427 
82 0.000120 
83 0.024908 
84 0.049578 
85 0.072826 
86 0.093630 
87 0.111401 
88 0.125984 
89 0.137567 
90 0.146532 
91 0.153332 
92 0.158406 
93 0.162134 
94 0.164828 
95 0.166729 
96 0.168022 
97 0.168831 
98 0.165124 
99 -3.590118 
