0 1.570796 
1 1.511509 
2 1.387796 
3 1.274565 
4 1.179506 
5 1.114266 
6 1.071785 
7 1.040220 
8 1.015544 
9 0.996152 
10 0.981043 
11 0.969505 
12 0.961001 
13 0.955115 
14 0.951516 
15 0.949934 
16 0.950144 
17 0.951957 
18 0.955204 
19 0.959734 
20 0.965406 
21 0.972087 
22 0.979643 
23 0.987938 
24 0.996832 
25 1.006177 
26 1.015874 
27 1.026028 
28 1.036742 
29 1.047896 
30 1.059307 
31 1.070778 
32 1.082104 
33 1.093067 
34 1.103441 
35 1.112987 
36 1.121458 
37 1.128600 
38 1.134149 
39 1.137836 
40 1.139386 
41 1.138509 
42 1.134893 
43 1.128186 
44 1.117981 
45 1.103783 
46 1.084975 
47 1.061425 
48 1.035610 
49 1.010872 
50 0.988230 
51 0.967491 
52 0.948310 
53 0.930363 
54 0.913349 
55 0.896979 
56 0.880974 
57 0.865058 
58 0.848960 
59 0.832411 
60 0.815149 
61 0.796919 
62 0.777483 
63 0.756627 
64 0.734164 
65 0.709949 
66 0.683873 
67 0.655793 
68 0.625513 
69 0.592826 
70 0.557541 
71 0.519479 
72 0.478482 
73 0.434416 
74 0.387180 
75 0.336713 
76 0.283012 
77 0.226144 
78 0.166269 
79 0.103653 
80 0.038691 
81 -0.028090 
82 -0.096034 
83 -0.164376 
84 -0.232288 
85 -0.298926 
86 -0.363486 
87 -0.425251 
88 -0.483620 
89 -0.538115 
90 -0.588380 
91 -0.634158 
92 -0.675274 
93 -0.711617 
94 -0.743117 
95 -0.769738 
96 -0.791463 
97 -0.808287 
98 -0.820213 
99 -0.827306 
100 -0.889165 
