0.000000 0.000000 1.570796 
-0.698132 -0.104803 1.511509 
-0.698132 -0.035339 1.387796 
-0.698132 0.093213 1.274565 
-0.590999 0.226837 1.179506 
-0.397647 0.287734 1.114266 
-0.296858 0.255577 1.071785 
-0.233357 0.167959 1.040220 
-0.184949 0.071810 1.015544 
-0.145630 -0.007546 0.996152 
-0.112842 -0.063455 0.981043 
-0.085005 -0.098394 0.969505 
-0.061033 -0.117750 0.961001 
-0.040144 -0.126771 0.955115 
-0.021761 -0.129537 0.951516 
-0.005457 -0.128885 0.949934 
0.009084 -0.126643 0.950144 
0.022097 -0.123906 0.951957 
0.033748 -0.121272 0.955204 
0.044150 -0.119016 0.959734 
0.053372 -0.117211 0.965406 
0.061444 -0.115813 0.972087 
0.068364 -0.114726 0.979643 
0.074104 -0.113847 0.987938 
0.078614 -0.112786 0.996832 
0.081828 -0.110112 1.006177 
0.084602 -0.093955 1.015874 
0.089647 -0.078682 1.026028 
0.094165 -0.077702 1.036742 
0.097154 -0.078087 1.047896 
0.098526 -0.078469 1.059307 
0.098191 -0.078653 1.070778 
0.096052 -0.078669 1.082104 
0.092014 -0.078544 1.093067 
0.085985 -0.078310 1.103441 
0.077879 -0.077994 1.112987 
0.067613 -0.077616 1.121458 
0.055110 -0.077190 1.128600 
0.040302 -0.076734 1.134149 
0.023123 -0.076284 1.137836 
0.003504 -0.075855 1.139386 
-0.018629 -0.075280 1.138509 
-0.043374 -0.074439 1.134893 
-0.070882 -0.073626 1.128186 
-0.101474 -0.072937 1.117981 
-0.135762 -0.072250 1.103783 
-0.174419 -0.071556 1.084975 
-0.208260 -0.049060 1.061425 
-0.205141 -0.024549 1.035610 
-0.186555 -0.021635 1.010872 
-0.168406 -0.020914 0.988230 
-0.153126 -0.020081 0.967491 
-0.140566 -0.019302 0.948310 
-0.130504 -0.018572 0.930363 
-0.122767 -0.017885 0.913349 
-0.117223 -0.017237 0.896979 
-0.113762 -0.016625 0.880974 
-0.112293 -0.016046 0.865058 
-0.112732 -0.015501 0.848960 
-0.114994 -0.014989 0.832411 
-0.118992 -0.014513 0.815149 
-0.124623 -0.014075 0.796919 
-0.131770 -0.013678 0.777483 
-0.140294 -0.013325 0.756627 
-0.150040 -0.013017 0.734164 
-0.160847 -0.012755 0.709949 
-0.172682 -0.012528 0.683873 
-0.185770 -0.012306 0.655793 
-0.200103 -0.012084 0.625513 
-0.215581 -0.011858 0.592826 
-0.232092 -0.011627 0.557541 
-0.249500 -0.011391 0.519479 
-0.267642 -0.011148 0.478482 
-0.286319 -0.010895 0.434416 
-0.305284 -0.010632 0.387180 
-0.324233 -0.010355 0.336713 
-0.342788 -0.010064 0.283012 
-0.360492 -0.009758 0.226144 
-0.376803 -0.009437 0.166269 
-0.391105 -0.009100 0.103653 
-0.402733 -0.008751 0.038691 
-0.411023 -0.008392 -0.028090 
-0.415381 -0.008028 -0.096034 
-0.415358 -0.007662 -0.164376 
-0.410726 -0.007300 -0.232288 
-0.401504 -0.006947 -0.298926 
-0.387958 -0.006605 -0.363486 
-0.370543 -0.006277 -0.425251 
-0.349823 -0.005963 -0.483620 
-0.326390 -0.005664 -0.538115 
-0.300802 -0.005376 -0.588380 
-0.273547 -0.005099 -0.634158 
-0.245028 -0.004828 -0.675274 
-0.215564 -0.004563 -0.711617 
-0.185407 -0.004300 -0.743117 
-0.154749 -0.004039 -0.769738 
-0.123737 -0.003795 -0.791463 
-0.092485 -0.003800 -0.808287 
-0.061083 -0.006834 -0.820213 
-0.030370 -0.049611 -0.827306 
-0.698132 -0.698132 -0.889165 
