0 12.000000 
1 12.000000 
2 13.251684 
3 14.327363 
4 15.168552 
5 15.733928 
6 16.000000 
7 16.000000 
8 16.000000 
9 16.000000 
10 16.000000 
11 16.000000 
12 16.000000 
13 16.000000 
14 16.000000 
15 16.000000 
16 16.000000 
17 16.000000 
18 16.000000 
19 16.000000 
20 16.000000 
21 16.000000 
22 16.000000 
23 16.000000 
24 16.000000 
25 16.000000 
26 16.000000 
27 16.000000 
28 16.000000 
29 16.000000 
30 16.000000 
31 16.000000 
32 16.000000 
33 16.000000 
34 16.000000 
35 16.000000 
36 16.000000 
37 16.000000 
38 16.000000 
39 16.000000 
40 15.977463 
41 15.920627 
42 15.834748 
43 15.725190 
44 15.597597 
45 15.458100 
46 15.313554 
47 15.171833 
48 15.021433 
49 14.850708 
50 14.665180 
51 14.466835 
52 14.257991 
53 14.041277 
54 13.819570 
55 13.595930 
56 13.373562 
57 13.155791 
58 12.946041 
59 12.747830 
60 12.564764 
61 12.400548 
62 12.258995 
63 12.144031 
64 12.059714 
65 12.010249 
66 12.000000 
67 12.000000 
68 12.000000 
69 12.000000 
70 12.000000 
71 12.000000 
72 12.000000 
73 12.000000 
74 12.000000 
75 12.000000 
76 12.000000 
77 12.000000 
78 12.000000 
79 12.000000 
80 12.000000 
81 12.000000 
82 12.000000 
83 12.000000 
84 12.000000 
85 12.000000 
86 12.000000 
87 12.000000 
88 12.000000 
89 12.000000 
90 12.000000 
91 12.000000 
92 12.000000 
93 12.000000 
94 12.000000 
95 12.000000 
96 12.000000 
97 12.000000 
98 12.000000 
99 12.000000 
100 12.000000 
