5.000000 130.000000 30.000000 
7.742561 131.877473 29.768558 
10.868497 133.364576 29.307156 
14.506514 134.381267 28.832356 
18.517554 134.967503 28.328488 
22.765830 135.266670 27.801704 
27.142303 135.368545 27.263452 
31.557434 135.323235 26.726899 
35.970970 135.165256 26.198117 
40.381380 134.918632 25.676929 
44.788001 134.599230 25.163130 
49.190376 134.215880 24.656650 
53.587780 133.770917 24.157440 
57.978864 133.260436 23.665416 
62.361255 132.674340 23.180388 
66.731040 131.996189 22.701964 
71.081971 131.202760 22.229608 
75.390836 130.265681 21.764715 
79.612664 129.150768 21.311608 
83.693726 127.816471 20.848612 
87.589030 126.234960 20.357333 
91.284788 124.428162 19.870112 
94.781427 122.436797 19.411792 
98.079338 120.297177 18.980133 
101.179789 118.037371 18.573770 
104.084779 115.678617 18.191302 
106.797007 113.236271 17.831097 
109.319813 110.720410 17.491175 
111.657083 108.136253 17.169145 
113.813150 105.484500 16.862168 
115.792698 102.761617 16.566944 
117.600686 99.960107 16.279707 
119.241552 97.069901 15.996603 
120.713201 94.089794 15.715535 
122.007836 91.028490 15.436214 
123.117986 87.895431 15.158578 
124.036991 84.700942 14.882597 
124.759756 81.456321 14.607788 
125.284588 78.173774 14.333901 
125.615392 74.865846 14.061837 
125.760082 71.544311 13.792358 
125.729219 68.219496 13.525608 
125.535585 64.899900 13.261689 
125.193865 61.591980 13.000669 
124.720296 58.300064 12.742569 
124.132307 55.026369 12.487365 
123.448197 51.771138 12.234978 
122.686860 48.532857 11.985191 
121.867601 45.308685 11.735774 
121.010771 42.098011 11.443150 
120.136624 39.200307 10.165194 
