0 0.000000 
1 0.138978 
2 0.125867 
3 0.123992 
4 0.123241 
5 0.122863 
6 0.121805 
7 0.120040 
8 0.118285 
9 0.116602 
10 0.114940 
11 0.113289 
12 0.111650 
13 0.110038 
14 0.108485 
15 0.107050 
16 0.105741 
17 0.104324 
18 0.102444 
19 0.112385 
20 0.120252 
21 0.115462 
22 0.111308 
23 0.107380 
24 0.103628 
25 0.100046 
26 0.096664 
27 0.093540 
28 0.090750 
29 0.088383 
30 0.086538 
31 0.085308 
32 0.084623 
33 0.084083 
34 0.083571 
35 0.083070 
36 0.082575 
37 0.082366 
38 0.082020 
39 0.081269 
40 0.080466 
41 0.079627 
42 0.078763 
43 0.077884 
44 0.077006 
45 0.076143 
46 0.075312 
47 0.074580 
48 0.075090 
49 0.100574 
50 0.698132 
