0 0.499920 
1 -0.047163 
2 -0.006744 
3 -0.002701 
4 -0.001358 
5 -0.003807 
6 -0.006348 
7 -0.006312 
8 -0.006056 
9 -0.005977 
10 -0.005939 
11 -0.005897 
12 -0.005799 
13 -0.005584 
14 -0.005162 
15 -0.004708 
16 -0.005098 
17 -0.006762 
18 0.035758 
19 0.028300 
20 -0.017232 
21 -0.014943 
22 -0.014129 
23 -0.013497 
24 -0.012885 
25 -0.012163 
26 -0.011237 
27 -0.010038 
28 -0.008515 
29 -0.006634 
30 -0.004427 
31 -0.002463 
32 -0.001941 
33 -0.001842 
34 -0.001801 
35 -0.001783 
36 -0.000752 
37 -0.001244 
38 -0.002701 
39 -0.002889 
40 -0.003016 
41 -0.003110 
42 -0.003160 
43 -0.003159 
44 -0.003104 
45 -0.002989 
46 -0.002633 
47 0.001834 
48 0.091670 
49 2.149487 
