0 0.000000 
1 -0.698132 
2 -0.698132 
3 -0.595694 
4 -0.363670 
5 -0.251121 
6 -0.186716 
7 -0.143653 
8 -0.113379 
9 -0.093158 
10 -0.081885 
11 -0.078970 
12 -0.084145 
13 -0.097378 
14 -0.118874 
15 -0.149155 
16 -0.189516 
17 -0.243351 
18 -0.315687 
19 -0.382753 
20 -0.361189 
21 -0.320702 
22 -0.289630 
23 -0.266923 
24 -0.250812 
25 -0.240067 
26 -0.233752 
27 -0.231059 
28 -0.231212 
29 -0.233402 
30 -0.236759 
31 -0.240396 
32 -0.243873 
33 -0.247740 
34 -0.251728 
35 -0.255262 
36 -0.257727 
37 -0.257196 
38 -0.249447 
39 -0.238113 
40 -0.224511 
41 -0.208704 
42 -0.190805 
43 -0.170993 
44 -0.149488 
45 -0.126535 
46 -0.102389 
47 -0.077308 
48 -0.051547 
49 -0.025956 
50 -0.698132 
