0 -2.511265 
1 0.000000 
2 0.368482 
3 0.834616 
4 0.404855 
5 0.231672 
6 0.154902 
7 0.108898 
8 0.072737 
9 0.040554 
10 0.010484 
11 -0.018615 
12 -0.047600 
13 -0.077323 
14 -0.108927 
15 -0.145181 
16 -0.193653 
17 -0.260199 
18 -0.241245 
19 0.077568 
20 0.145636 
21 0.111767 
22 0.081681 
23 0.057953 
24 0.038651 
25 0.022717 
26 0.009686 
27 -0.000551 
28 -0.007880 
29 -0.012075 
30 -0.013081 
31 -0.012509 
32 -0.013908 
33 -0.014347 
34 -0.012710 
35 -0.008870 
36 0.001912 
37 0.027873 
38 0.040771 
39 0.048927 
40 0.056861 
41 0.064383 
42 0.071267 
43 0.077357 
44 0.082565 
45 0.086854 
46 0.090221 
47 0.092667 
48 0.092051 
49 -2.417897 
