0 0.628319 
1 0.539707 
2 0.354144 
3 0.200448 
4 0.101187 
5 0.043877 
6 0.004864 
7 -0.024105 
8 -0.046560 
9 -0.064568 
10 -0.079814 
11 -0.093818 
12 -0.108021 
13 -0.123834 
14 -0.142695 
15 -0.166122 
16 -0.195833 
17 -0.234170 
18 -0.284736 
19 -0.349942 
20 -0.421158 
21 -0.487336 
22 -0.547434 
23 -0.603251 
24 -0.656288 
25 -0.707746 
26 -0.758618 
27 -0.809721 
28 -0.861696 
29 -0.914975 
30 -0.969745 
31 -1.025903 
32 -1.083120 
33 -1.141241 
34 -1.200329 
35 -1.260347 
36 -1.321106 
37 -1.382106 
38 -1.442080 
39 -1.499703 
40 -1.554268 
41 -1.605249 
42 -1.652153 
43 -1.694526 
44 -1.731970 
45 -1.764149 
46 -1.790784 
47 -1.811656 
48 -1.826603 
49 -1.835586 
50 -1.927481 
