0.000000 0.000000 0.628319 
-0.698132 0.138978 0.539707 
-0.698132 0.125867 0.354144 
-0.595694 0.123992 0.200448 
-0.363670 0.123241 0.101187 
-0.251121 0.122863 0.043877 
-0.186716 0.121805 0.004864 
-0.143653 0.120040 -0.024105 
-0.113379 0.118285 -0.046560 
-0.093158 0.116602 -0.064568 
-0.081885 0.114940 -0.079814 
-0.078970 0.113289 -0.093818 
-0.084145 0.111650 -0.108021 
-0.097378 0.110038 -0.123834 
-0.118874 0.108485 -0.142695 
-0.149155 0.107050 -0.166122 
-0.189516 0.105741 -0.195833 
-0.243351 0.104324 -0.234170 
-0.315687 0.102444 -0.284736 
-0.382753 0.112385 -0.349942 
-0.361189 0.120252 -0.421158 
-0.320702 0.115462 -0.487336 
-0.289630 0.111308 -0.547434 
-0.266923 0.107380 -0.603251 
-0.250812 0.103628 -0.656288 
-0.240067 0.100046 -0.707746 
-0.233752 0.096664 -0.758618 
-0.231059 0.093540 -0.809721 
-0.231212 0.090750 -0.861696 
-0.233402 0.088383 -0.914975 
-0.236759 0.086538 -0.969745 
-0.240396 0.085308 -1.025903 
-0.243873 0.084623 -1.083120 
-0.247740 0.084083 -1.141241 
-0.251728 0.083571 -1.200329 
-0.255262 0.083070 -1.260347 
-0.257727 0.082575 -1.321106 
-0.257196 0.082366 -1.382106 
-0.249447 0.082020 -1.442080 
-0.238113 0.081269 -1.499703 
-0.224511 0.080466 -1.554268 
-0.208704 0.079627 -1.605249 
-0.190805 0.078763 -1.652153 
-0.170993 0.077884 -1.694526 
-0.149488 0.077006 -1.731970 
-0.126535 0.076143 -1.764149 
-0.102389 0.075312 -1.790784 
-0.077308 0.074580 -1.811656 
-0.051547 0.075090 -1.826603 
-0.025956 0.100574 -1.835586 
-0.698132 0.698132 -1.927481 
