0 12.000000 
1 12.000000 
2 13.159679 
3 14.256464 
4 15.143451 
5 15.733128 
6 16.000000 
7 16.000000 
8 16.000000 
9 16.000000 
10 16.000000 
11 16.000000 
12 16.000000 
13 16.000000 
14 16.000000 
15 16.000000 
16 16.000000 
17 15.901398 
18 15.684761 
19 15.389470 
20 15.068190 
21 14.739565 
22 14.401111 
23 14.054424 
24 13.704664 
25 13.359537 
26 13.028603 
27 12.722803 
28 12.454116 
29 12.235272 
30 12.079459 
31 12.000000 
32 12.000000 
33 12.000000 
34 12.000000 
35 12.000000 
36 12.000000 
37 12.000000 
38 12.000000 
39 12.000000 
40 12.000000 
41 12.000000 
42 12.000000 
43 12.000000 
44 12.000000 
45 12.000000 
46 12.000000 
47 12.000000 
48 12.000000 
49 12.000000 
50 12.000000 
