0 0.000000 
1 4.171506 
2 3.945269 
3 3.190604 
4 2.121138 
5 0.959972 
6 -0.000000 
7 -0.000000 
8 -0.000000 
9 0.000000 
10 -0.000000 
11 -0.000000 
12 0.000000 
13 -0.000000 
14 -0.000000 
15 -0.000000 
16 -0.354683 
17 -0.779271 
18 -1.062196 
19 -1.155683 
20 -1.182107 
21 -1.217458 
22 -1.247076 
23 -1.258131 
24 -1.241463 
25 -1.190410 
26 -1.100000 
27 -0.966498 
28 -0.787211 
29 -0.560478 
30 -0.285823 
31 -0.000000 
32 -0.000000 
33 -0.000000 
34 0.000000 
35 0.000000 
36 -0.000000 
37 -0.000000 
38 0.000000 
39 -0.000000 
40 0.000000 
41 -0.000000 
42 -0.000000 
43 0.000000 
44 -0.000000 
45 0.000000 
46 0.000000 
47 0.000000 
48 -0.000000 
49 -0.000000 
