-30.000000 -10.000000 30.000000 
-28.888864 -8.106213 30.043025 
-27.639316 -6.130409 30.111428 
-26.194360 -3.984194 30.163611 
-24.606721 -1.721141 30.240852 
-22.925993 0.607728 30.371395 
-21.197324 2.955389 30.555415 
-19.449000 5.296027 30.768973 
-17.689897 7.628444 30.986331 
-15.924240 9.956325 31.191615 
-14.155789 12.282906 31.379224 
-12.388007 14.610987 31.550533 
-10.624232 16.942870 31.711454 
-8.867783 19.280353 31.871573 
-7.121865 21.624958 32.041686 
-5.389239 23.978412 32.227357 
-3.672228 26.342730 32.423835 
-1.973039 28.719838 32.620311 
-0.293905 31.111436 32.809557 
1.362871 33.518945 32.991523 
2.994921 35.943502 33.169606 
4.599915 38.386096 33.346668 
6.175626 40.847627 33.524111 
7.719930 43.328891 33.702496 
9.230808 45.830541 33.882094 
10.706370 48.353064 34.063083 
12.144887 50.896772 34.245575 
13.544832 53.461791 34.429627 
14.904921 56.048046 34.615243 
16.224170 58.655261 34.802404 
17.501942 61.282951 34.991082 
18.738007 63.930420 35.181258 
19.932597 66.596771 35.372915 
21.086463 69.280914 35.566024 
22.200929 71.981578 35.760542 
23.277937 74.697327 35.956435 
24.320090 77.426572 36.153701 
25.330668 80.167599 36.352305 
26.313614 82.918605 36.552042 
27.273550 85.677697 36.752560 
28.214956 88.440169 36.953302 
29.141880 91.197282 37.153460 
30.059009 93.939277 37.352217 
30.972184 96.656888 37.548880 
31.888433 99.341298 37.742898 
32.816029 101.984083 37.933894 
33.764617 104.577147 38.121685 
34.745417 107.112592 38.306334 
35.771554 109.582523 38.488238 
36.858498 111.980914 38.634800 
38.017088 114.302204 38.714973 
39.243691 116.543280 38.762345 
40.529433 118.704761 38.808405 
41.866291 120.788676 38.852948 
43.247613 122.797118 38.896097 
44.668048 124.732220 38.937956 
46.123448 126.596161 38.978632 
47.610784 128.391171 39.018236 
49.128083 130.119533 39.056893 
50.674385 131.783574 39.094738 
52.249697 133.385665 39.131923 
53.854961 134.928201 39.168617 
55.492028 136.413595 39.205007 
57.163639 137.844246 39.241287 
58.873456 139.222470 39.277629 
60.623544 140.548471 39.314128 
62.413575 141.820017 39.350817 
64.242929 143.034285 39.387722 
66.110956 144.188141 39.424869 
68.016910 145.278168 39.462284 
69.959881 146.300705 39.499993 
71.938730 147.251894 39.538021 
73.952028 148.127740 39.576395 
75.998006 148.924186 39.615136 
78.074505 149.637196 39.654267 
80.178949 150.262858 39.693808 
82.308326 150.797488 39.733774 
84.459195 151.237751 39.774179 
86.627712 151.580779 39.815032 
88.809685 151.824291 39.856338 
91.000643 151.966695 39.898099 
93.195945 152.007187 39.940312 
95.390889 151.945814 39.982973 
97.580844 151.783514 40.026071 
99.761386 151.522129 40.069596 
101.928429 151.164375 40.113536 
104.078343 150.713795 40.157880 
106.208058 150.174679 40.202615 
108.315140 149.551964 40.247732 
110.397849 148.851136 40.293223 
112.455161 148.078114 40.339083 
114.486776 147.239143 40.385313 
116.493091 146.340702 40.431916 
118.475169 145.389416 40.478899 
120.434682 144.391989 40.526276 
122.373849 143.355148 40.574061 
124.295363 142.285610 40.622252 
126.202319 141.190053 40.670539 
128.098202 140.075068 40.714737 
129.986730 138.947171 40.701298 
131.697081 137.877387 39.933184 
