0 -0.214080 
1 0.107206 
2 -0.004364 
3 -0.080345 
4 -0.112283 
5 -0.081229 
6 -0.027399 
7 0.013211 
8 0.031862 
9 0.034146 
10 0.026766 
11 0.012070 
12 -0.009067 
13 -0.028302 
14 -0.029847 
15 -0.010517 
16 0.010516 
17 0.016482 
18 0.010720 
19 0.003791 
20 0.000026 
21 -0.001448 
22 -0.002076 
23 -0.002463 
24 -0.002733 
25 -0.002891 
26 -0.002940 
27 -0.002914 
28 -0.002860 
29 -0.002815 
30 -0.002788 
31 -0.002752 
32 -0.002678 
33 -0.002592 
34 -0.002554 
35 -0.002581 
36 -0.002422 
37 -0.001796 
38 -0.001093 
39 -0.000447 
40 0.000122 
41 0.000590 
42 0.000928 
43 0.001101 
44 0.001063 
45 0.000755 
46 0.000094 
47 -0.001204 
48 0.136117 
49 0.134255 
50 0.000791 
51 0.001897 
52 0.001641 
53 0.001492 
54 0.001357 
55 0.001216 
56 0.001064 
57 0.000894 
58 0.000701 
59 0.000479 
60 0.000228 
61 -0.000044 
62 -0.000283 
63 -0.000380 
64 -0.000442 
65 -0.000505 
66 -0.000569 
67 -0.000634 
68 -0.000699 
69 -0.000764 
70 -0.000827 
71 -0.000888 
72 -0.000945 
73 -0.000996 
74 -0.001041 
75 -0.001078 
76 -0.001106 
77 -0.001124 
78 -0.001133 
79 -0.001131 
80 -0.001121 
81 -0.001102 
82 -0.001078 
83 -0.001049 
84 -0.001018 
85 -0.000988 
86 -0.000961 
87 -0.000939 
88 -0.000923 
89 -0.000917 
90 -0.000921 
91 -0.000935 
92 -0.000961 
93 -0.000997 
94 -0.001038 
95 -0.000981 
96 0.000504 
97 0.019848 
98 0.267014 
99 3.647978 
