0 0.000000 
1 -0.039177 
2 -0.019558 
3 -0.020357 
4 -0.035060 
5 -0.055608 
6 -0.070472 
7 -0.075486 
8 -0.073069 
9 -0.067238 
10 -0.060989 
11 -0.056091 
12 -0.053882 
13 -0.055542 
14 -0.060721 
15 -0.066183 
16 -0.068107 
17 -0.066183 
18 -0.063167 
19 -0.061205 
20 -0.060511 
21 -0.060507 
22 -0.060772 
23 -0.061151 
24 -0.061602 
25 -0.062103 
26 -0.062632 
27 -0.063170 
28 -0.063703 
29 -0.064226 
30 -0.064742 
31 -0.065252 
32 -0.065755 
33 -0.066245 
34 -0.066720 
35 -0.067187 
36 -0.067659 
37 -0.068103 
38 -0.068431 
39 -0.068631 
40 -0.068713 
41 -0.068691 
42 -0.068583 
43 -0.068413 
44 -0.068212 
45 -0.068017 
46 -0.067879 
47 -0.067862 
48 -0.068082 
49 -0.043173 
50 -0.018604 
51 -0.018459 
52 -0.018112 
53 -0.017812 
54 -0.017539 
55 -0.017290 
56 -0.017068 
57 -0.016873 
58 -0.016709 
59 -0.016581 
60 -0.016493 
61 -0.016452 
62 -0.016460 
63 -0.016512 
64 -0.016581 
65 -0.016662 
66 -0.016754 
67 -0.016858 
68 -0.016975 
69 -0.017103 
70 -0.017242 
71 -0.017394 
72 -0.017556 
73 -0.017729 
74 -0.017911 
75 -0.018102 
76 -0.018299 
77 -0.018501 
78 -0.018707 
79 -0.018915 
80 -0.019122 
81 -0.019327 
82 -0.019528 
83 -0.019726 
84 -0.019918 
85 -0.020104 
86 -0.020285 
87 -0.020461 
88 -0.020632 
89 -0.020801 
90 -0.020969 
91 -0.021138 
92 -0.021309 
93 -0.021485 
94 -0.021667 
95 -0.021857 
96 -0.022036 
97 -0.021944 
98 -0.018312 
99 0.030552 
100 0.698132 
