0 0.000000 
1 -0.273866 
2 -0.205489 
3 -0.149689 
4 -0.110873 
5 -0.081982 
6 -0.059243 
7 -0.040155 
8 -0.023497 
9 -0.008718 
10 0.004554 
11 0.016617 
12 0.027710 
13 0.038023 
14 0.047707 
15 0.056875 
16 0.065613 
17 0.073975 
18 0.081995 
19 0.089685 
20 0.097037 
21 0.104024 
22 0.110599 
23 0.116698 
24 0.122240 
25 0.127130 
26 0.131255 
27 0.134494 
28 0.136711 
29 0.137767 
30 0.137516 
31 0.135813 
32 0.132514 
33 0.127486 
34 0.120601 
35 0.111745 
36 0.100830 
37 0.087844 
38 0.072773 
39 0.055464 
40 0.035723 
41 0.013342 
42 -0.011921 
43 -0.040354 
44 -0.072319 
45 -0.108291 
46 -0.148919 
47 -0.195131 
48 -0.247991 
49 -0.293168 
50 -0.285440 
51 -0.264485 
52 -0.246078 
53 -0.230736 
54 -0.218208 
55 -0.208177 
56 -0.200371 
57 -0.194557 
58 -0.190530 
59 -0.188097 
60 -0.187073 
61 -0.187275 
62 -0.188541 
63 -0.190813 
64 -0.194269 
65 -0.198857 
66 -0.204452 
67 -0.210921 
68 -0.218122 
69 -0.225907 
70 -0.234113 
71 -0.242568 
72 -0.251085 
73 -0.259465 
74 -0.267499 
75 -0.274967 
76 -0.281645 
77 -0.287311 
78 -0.291746 
79 -0.294751 
80 -0.296147 
81 -0.295784 
82 -0.293551 
83 -0.289379 
84 -0.283240 
85 -0.275150 
86 -0.265164 
87 -0.253371 
88 -0.239888 
89 -0.224849 
90 -0.208405 
91 -0.190710 
92 -0.171920 
93 -0.152187 
94 -0.131658 
95 -0.110470 
96 -0.088753 
97 -0.066631 
98 -0.044217 
99 -0.022126 
100 -0.698132 
