0 -1.496533 
1 0.373645 
2 0.304918 
3 0.212109 
4 0.157872 
5 0.124259 
6 0.104303 
7 0.091031 
8 0.080756 
9 0.072524 
10 0.065920 
11 0.060618 
12 0.056356 
13 0.052915 
14 0.050102 
15 0.047745 
16 0.045695 
17 0.043826 
18 0.042022 
19 0.040175 
20 0.038178 
21 0.035928 
22 0.033329 
23 0.030287 
24 0.026719 
25 0.022544 
26 0.017696 
27 0.012118 
28 0.005770 
29 -0.001372 
30 -0.009308 
31 -0.018023 
32 -0.027479 
33 -0.037624 
34 -0.048395 
35 -0.059642 
36 -0.070964 
37 -0.082355 
38 -0.094584 
39 -0.107871 
40 -0.122305 
41 -0.138049 
42 -0.155369 
43 -0.174671 
44 -0.196570 
45 -0.222011 
46 -0.252524 
47 -0.288850 
48 -0.246871 
49 0.042230 
50 0.114508 
51 0.100585 
52 0.083836 
53 0.068458 
54 0.054813 
55 0.042658 
56 0.031769 
57 0.022006 
58 0.013294 
59 0.005600 
60 -0.001107 
61 -0.006917 
62 -0.012418 
63 -0.018880 
64 -0.025074 
65 -0.030573 
66 -0.035347 
67 -0.039353 
68 -0.042539 
69 -0.044844 
70 -0.046201 
71 -0.046541 
72 -0.045795 
73 -0.043900 
74 -0.040808 
75 -0.036494 
76 -0.030958 
77 -0.024239 
78 -0.016420 
79 -0.007624 
80 0.001983 
81 0.012199 
82 0.022799 
83 0.033546 
84 0.044207 
85 0.054568 
86 0.064442 
87 0.073681 
88 0.082176 
89 0.089858 
90 0.096694 
91 0.102678 
92 0.107831 
93 0.112184 
94 0.115782 
95 0.118668 
96 0.120887 
97 0.122482 
98 0.120716 
99 -3.694021 
