0 1.047198 
1 1.026051 
2 0.990879 
3 0.967556 
4 0.951654 
5 0.940379 
6 0.932270 
7 0.926581 
8 0.922940 
9 0.921097 
10 0.920859 
11 0.922070 
12 0.924605 
13 0.928366 
14 0.933271 
15 0.939258 
16 0.946271 
17 0.954267 
18 0.963204 
19 0.973046 
20 0.983755 
21 0.995291 
22 1.007611 
23 1.020665 
24 1.034394 
25 1.048727 
26 1.063585 
27 1.078871 
28 1.094474 
29 1.110268 
30 1.126109 
31 1.141837 
32 1.157273 
33 1.172224 
34 1.186484 
35 1.199830 
36 1.212032 
37 1.222853 
38 1.232055 
39 1.239393 
40 1.244606 
41 1.247411 
42 1.247480 
43 1.244421 
44 1.237771 
45 1.226968 
46 1.211326 
47 1.189987 
48 1.161868 
49 1.126684 
50 1.088362 
51 1.051491 
52 1.016842 
53 0.984055 
54 0.952758 
55 0.922613 
56 0.893322 
57 0.864616 
58 0.836254 
59 0.808025 
60 0.779746 
61 0.751265 
62 0.722462 
63 0.693245 
64 0.663520 
65 0.633152 
66 0.601976 
67 0.569840 
68 0.536615 
69 0.502190 
70 0.466482 
71 0.429432 
72 0.391010 
73 0.351215 
74 0.310081 
75 0.267679 
76 0.224115 
77 0.179533 
78 0.134116 
79 0.088083 
80 0.041687 
81 -0.004794 
82 -0.051057 
83 -0.096787 
84 -0.141661 
85 -0.185360 
86 -0.227573 
87 -0.268005 
88 -0.306384 
89 -0.342460 
90 -0.376014 
91 -0.406850 
92 -0.434803 
93 -0.459732 
94 -0.481520 
95 -0.500072 
96 -0.515313 
97 -0.527185 
98 -0.535646 
99 -0.540707 
100 -0.600879 
