0.000000 0.000000 1.047198 
-0.273866 -0.039177 1.026051 
-0.205489 -0.019558 0.990879 
-0.149689 -0.020357 0.967556 
-0.110873 -0.035060 0.951654 
-0.081982 -0.055608 0.940379 
-0.059243 -0.070472 0.932270 
-0.040155 -0.075486 0.926581 
-0.023497 -0.073069 0.922940 
-0.008718 -0.067238 0.921097 
0.004554 -0.060989 0.920859 
0.016617 -0.056091 0.922070 
0.027710 -0.053882 0.924605 
0.038023 -0.055542 0.928366 
0.047707 -0.060721 0.933271 
0.056875 -0.066183 0.939258 
0.065613 -0.068107 0.946271 
0.073975 -0.066183 0.954267 
0.081995 -0.063167 0.963204 
0.089685 -0.061205 0.973046 
0.097037 -0.060511 0.983755 
0.104024 -0.060507 0.995291 
0.110599 -0.060772 1.007611 
0.116698 -0.061151 1.020665 
0.122240 -0.061602 1.034394 
0.127130 -0.062103 1.048727 
0.131255 -0.062632 1.063585 
0.134494 -0.063170 1.078871 
0.136711 -0.063703 1.094474 
0.137767 -0.064226 1.110268 
0.137516 -0.064742 1.126109 
0.135813 -0.065252 1.141837 
0.132514 -0.065755 1.157273 
0.127486 -0.066245 1.172224 
0.120601 -0.066720 1.186484 
0.111745 -0.067187 1.199830 
0.100830 -0.067659 1.212032 
0.087844 -0.068103 1.222853 
0.072773 -0.068431 1.232055 
0.055464 -0.068631 1.239393 
0.035723 -0.068713 1.244606 
0.013342 -0.068691 1.247411 
-0.011921 -0.068583 1.247480 
-0.040354 -0.068413 1.244421 
-0.072319 -0.068212 1.237771 
-0.108291 -0.068017 1.226968 
-0.148919 -0.067879 1.211326 
-0.195131 -0.067862 1.189987 
-0.247991 -0.068082 1.161868 
-0.293168 -0.043173 1.126684 
-0.285440 -0.018604 1.088362 
-0.264485 -0.018459 1.051491 
-0.246078 -0.018112 1.016842 
-0.230736 -0.017812 0.984055 
-0.218208 -0.017539 0.952758 
-0.208177 -0.017290 0.922613 
-0.200371 -0.017068 0.893322 
-0.194557 -0.016873 0.864616 
-0.190530 -0.016709 0.836254 
-0.188097 -0.016581 0.808025 
-0.187073 -0.016493 0.779746 
-0.187275 -0.016452 0.751265 
-0.188541 -0.016460 0.722462 
-0.190813 -0.016512 0.693245 
-0.194269 -0.016581 0.663520 
-0.198857 -0.016662 0.633152 
-0.204452 -0.016754 0.601976 
-0.210921 -0.016858 0.569840 
-0.218122 -0.016975 0.536615 
-0.225907 -0.017103 0.502190 
-0.234113 -0.017242 0.466482 
-0.242568 -0.017394 0.429432 
-0.251085 -0.017556 0.391010 
-0.259465 -0.017729 0.351215 
-0.267499 -0.017911 0.310081 
-0.274967 -0.018102 0.267679 
-0.281645 -0.018299 0.224115 
-0.287311 -0.018501 0.179533 
-0.291746 -0.018707 0.134116 
-0.294751 -0.018915 0.088083 
-0.296147 -0.019122 0.041687 
-0.295784 -0.019327 -0.004794 
-0.293551 -0.019528 -0.051057 
-0.289379 -0.019726 -0.096787 
-0.283240 -0.019918 -0.141661 
-0.275150 -0.020104 -0.185360 
-0.265164 -0.020285 -0.227573 
-0.253371 -0.020461 -0.268005 
-0.239888 -0.020632 -0.306384 
-0.224849 -0.020801 -0.342460 
-0.208405 -0.020969 -0.376014 
-0.190710 -0.021138 -0.406850 
-0.171920 -0.021309 -0.434803 
-0.152187 -0.021485 -0.459732 
-0.131658 -0.021667 -0.481520 
-0.110470 -0.021857 -0.500072 
-0.088753 -0.022036 -0.515313 
-0.066631 -0.021944 -0.527185 
-0.044217 -0.018312 -0.535646 
-0.022126 0.030552 -0.540707 
-0.698132 0.698132 -0.600879 
