0 0.000000 
1 8.409841 
2 6.352488 
3 4.324667 
4 2.345910 
5 0.425018 
6 0.000000 
7 -0.000000 
8 0.000000 
9 0.000000 
10 -0.000000 
11 0.000000 
12 -0.000000 
13 -0.000000 
14 0.000000 
15 0.000000 
16 -0.000000 
17 -0.000000 
18 -0.000000 
19 0.000000 
20 -0.000000 
21 0.000000 
22 0.000000 
23 -0.000000 
24 0.000000 
25 0.000000 
26 -0.000000 
27 -0.000000 
28 0.000000 
29 0.000000 
30 -0.000000 
31 0.000000 
32 -0.000000 
33 -0.000000 
34 0.000000 
35 0.000000 
36 -0.000000 
37 -0.000000 
38 0.000000 
39 -0.169658 
40 -0.413187 
41 -0.633056 
42 -0.828368 
43 -0.997241 
44 -1.136550 
45 -1.241576 
46 -1.305574 
47 -1.319186 
48 -1.270142 
49 -1.214591 
50 -1.198166 
51 -1.179792 
52 -1.157769 
53 -1.128883 
54 -1.090243 
55 -1.039483 
56 -0.974684 
57 -0.894279 
58 -0.796976 
59 -0.681709 
60 -0.547601 
61 -0.393919 
62 -0.220015 
63 -0.025276 
64 -0.000000 
65 0.000000 
66 -0.000000 
67 -0.000000 
68 -0.000000 
69 0.000000 
70 0.000000 
71 0.000000 
72 -0.000000 
73 -0.000000 
74 -0.000000 
75 -0.000000 
76 0.000000 
77 -0.000000 
78 -0.000000 
79 -0.000000 
80 -0.000000 
81 0.000000 
82 0.000000 
83 0.000000 
84 0.000000 
85 0.000000 
86 -0.000000 
87 -0.000000 
88 0.000000 
89 -0.000000 
90 -0.000000 
91 0.000000 
92 -0.000000 
93 -0.000000 
94 -0.000000 
95 -0.000000 
96 -0.000000 
97 -0.000000 
98 0.000000 
99 0.000000 
