5.000000 130.000000 30.000000 
8.305173 130.006995 29.816162 
11.856735 130.049726 29.449256 
15.847828 130.130641 29.089127 
20.117891 130.239289 28.739584 
24.504670 130.363672 28.385501 
28.904828 130.492561 27.998006 
33.298424 130.616567 27.566329 
37.688414 130.726448 27.099601 
42.077502 130.812354 26.614504 
46.467165 130.863738 26.125817 
50.857853 130.869321 25.643233 
55.249230 130.817051 25.171626 
59.640251 130.694048 24.712600 
64.014416 130.487021 24.268194 
68.316905 130.183813 23.844829 
72.477343 129.773074 23.449663 
76.443345 129.241896 23.086335 
80.185635 128.574306 22.741514 
83.697243 127.753720 22.377261 
86.996039 126.768799 21.985978 
90.125845 125.610265 21.603171 
93.136866 124.267121 21.240576 
96.052523 122.737232 20.888199 
98.868964 121.029918 20.543617 
101.578488 119.156280 20.205805 
104.174081 117.126733 19.873930 
106.649208 114.951087 19.547264 
108.997683 112.638641 19.225166 
111.213549 110.198294 18.907067 
113.290998 107.638645 18.592453 
115.224311 104.968100 18.280858 
117.007811 102.194971 17.971855 
118.635848 99.327577 17.665047 
120.102788 96.374335 17.360068 
121.403025 93.343858 17.056571 
122.531009 90.245035 16.754234 
123.481285 87.087112 16.452748 
124.248571 83.879740 16.152152 
124.828181 80.635021 15.832728 
125.221016 77.365849 15.479604 
125.441317 74.063499 15.116604 
125.508791 70.690826 14.756280 
125.441416 67.212133 14.388412 
125.255364 63.609426 14.007020 
124.966351 59.879263 13.609506 
124.590355 56.029312 13.195780 
124.143918 52.075293 12.767608 
123.644206 48.038711 12.326372 
123.108356 43.941100 11.909902 
122.522819 40.169626 10.316257 
