0 0.402637 
1 -0.057963 
2 -0.036897 
3 -0.024018 
4 0.015495 
5 0.037598 
6 0.035698 
7 0.022190 
8 0.008039 
9 -0.002179 
10 -0.007904 
11 -0.010183 
12 -0.010536 
13 -0.011115 
14 -0.012846 
15 -0.013291 
16 -0.013478 
17 0.013050 
18 0.061269 
19 0.029004 
20 -0.021790 
21 -0.011953 
22 -0.009214 
23 -0.007937 
24 -0.006955 
25 -0.006101 
26 -0.005353 
27 -0.004691 
28 -0.004098 
29 -0.003562 
30 -0.003073 
31 -0.002622 
32 -0.002203 
33 -0.001812 
34 -0.001446 
35 -0.001102 
36 -0.000767 
37 -0.001189 
38 0.042569 
39 0.031545 
40 -0.014082 
41 -0.006409 
42 -0.001386 
43 0.001316 
44 0.002454 
45 0.002590 
46 0.002070 
47 0.004211 
48 -0.059199 
49 2.195088 
