0 0.000000 
1 0.111128 
2 0.095130 
3 0.084946 
4 0.078317 
5 0.082594 
6 0.092971 
7 0.102823 
8 0.108948 
9 0.111167 
10 0.110565 
11 0.108384 
12 0.105573 
13 0.102665 
14 0.099597 
15 0.096052 
16 0.092384 
17 0.088664 
18 0.092265 
19 0.109175 
20 0.117181 
21 0.111167 
22 0.107867 
23 0.105324 
24 0.103134 
25 0.101214 
26 0.099530 
27 0.098053 
28 0.096758 
29 0.095627 
30 0.094644 
31 0.093796 
32 0.093072 
33 0.092464 
34 0.091964 
35 0.091565 
36 0.091260 
37 0.091049 
38 0.090721 
39 0.102470 
40 0.111176 
41 0.107289 
42 0.105520 
43 0.105138 
44 0.105501 
45 0.106178 
46 0.106893 
47 0.107464 
48 0.108626 
49 0.092287 
50 0.698132 
