0 0.000000 
1 0.055292 
2 0.040873 
3 0.027953 
4 0.016583 
5 0.005509 
6 -0.006061 
7 -0.018367 
8 -0.031467 
9 -0.045410 
10 -0.060250 
11 -0.076046 
12 -0.092869 
13 -0.110924 
14 -0.131145 
15 -0.155260 
16 -0.184362 
17 -0.219139 
18 -0.255588 
19 -0.277121 
20 -0.281199 
21 -0.277637 
22 -0.270079 
23 -0.262070 
24 -0.255133 
25 -0.249375 
26 -0.244705 
27 -0.241037 
28 -0.238294 
29 -0.236404 
30 -0.235303 
31 -0.234930 
32 -0.235225 
33 -0.236136 
34 -0.237607 
35 -0.239589 
36 -0.242031 
37 -0.244880 
38 -0.247980 
39 -0.246593 
40 -0.227527 
41 -0.202515 
42 -0.175884 
43 -0.149258 
44 -0.123817 
45 -0.099983 
46 -0.077733 
47 -0.056829 
48 -0.036951 
49 -0.018217 
50 -0.698132 
