0 0.200335 
1 -0.052244 
2 -0.046811 
3 -0.041196 
4 -0.040123 
5 -0.041923 
6 -0.044585 
7 -0.047464 
8 -0.050519 
9 -0.053767 
10 -0.057233 
11 -0.060952 
12 -0.065416 
13 -0.073266 
14 -0.087373 
15 -0.105442 
16 -0.126005 
17 -0.132061 
18 -0.078017 
19 -0.014775 
20 0.012904 
21 0.027386 
22 0.029017 
23 0.025134 
24 0.020862 
25 0.016920 
26 0.013289 
27 0.009939 
28 0.006846 
29 0.003989 
30 0.001354 
31 -0.001071 
32 -0.003298 
33 -0.005332 
34 -0.007181 
35 -0.008846 
36 -0.010324 
37 -0.011231 
38 0.005026 
39 0.069081 
40 0.090620 
41 0.096493 
42 0.096470 
43 0.092178 
44 0.086354 
45 0.080616 
46 0.075738 
47 0.072023 
48 0.067879 
49 -2.463461 
