0 0.000000 
1 0.006362 
2 0.016684 
3 0.023252 
4 0.027225 
5 0.029140 
6 0.029093 
7 0.026986 
8 0.022687 
9 0.016053 
10 0.006931 
11 -0.004843 
12 -0.019447 
13 -0.037086 
14 -0.058140 
15 -0.083496 
16 -0.114624 
17 -0.153440 
18 -0.201768 
19 -0.259136 
20 -0.322157 
21 -0.387211 
22 -0.451715 
23 -0.514399 
24 -0.575240 
25 -0.634521 
26 -0.692525 
27 -0.749510 
28 -0.805714 
29 -0.861353 
30 -0.916628 
31 -0.971724 
32 -1.026810 
33 -1.082043 
34 -1.137566 
35 -1.193509 
36 -1.249991 
37 -1.307119 
38 -1.364974 
39 -1.423038 
40 -1.478609 
41 -1.528579 
42 -1.571592 
43 -1.607324 
44 -1.636196 
45 -1.658965 
46 -1.676423 
47 -1.689259 
48 -1.698002 
49 -1.703066 
50 -1.774424 
