0.000000 0.000000 0.000000 
0.055292 0.111128 0.006362 
0.040873 0.095130 0.016684 
0.027953 0.084946 0.023252 
0.016583 0.078317 0.027225 
0.005509 0.082594 0.029140 
-0.006061 0.092971 0.029093 
-0.018367 0.102823 0.026986 
-0.031467 0.108948 0.022687 
-0.045410 0.111167 0.016053 
-0.060250 0.110565 0.006931 
-0.076046 0.108384 -0.004843 
-0.092869 0.105573 -0.019447 
-0.110924 0.102665 -0.037086 
-0.131145 0.099597 -0.058140 
-0.155260 0.096052 -0.083496 
-0.184362 0.092384 -0.114624 
-0.219139 0.088664 -0.153440 
-0.255588 0.092265 -0.201768 
-0.277121 0.109175 -0.259136 
-0.281199 0.117181 -0.322157 
-0.277637 0.111167 -0.387211 
-0.270079 0.107867 -0.451715 
-0.262070 0.105324 -0.514399 
-0.255133 0.103134 -0.575240 
-0.249375 0.101214 -0.634521 
-0.244705 0.099530 -0.692525 
-0.241037 0.098053 -0.749510 
-0.238294 0.096758 -0.805714 
-0.236404 0.095627 -0.861353 
-0.235303 0.094644 -0.916628 
-0.234930 0.093796 -0.971724 
-0.235225 0.093072 -1.026810 
-0.236136 0.092464 -1.082043 
-0.237607 0.091964 -1.137566 
-0.239589 0.091565 -1.193509 
-0.242031 0.091260 -1.249991 
-0.244880 0.091049 -1.307119 
-0.247980 0.090721 -1.364974 
-0.246593 0.102470 -1.423038 
-0.227527 0.111176 -1.478609 
-0.202515 0.107289 -1.528579 
-0.175884 0.105520 -1.571592 
-0.149258 0.105138 -1.607324 
-0.123817 0.105501 -1.636196 
-0.099983 0.106178 -1.658965 
-0.077733 0.106893 -1.676423 
-0.056829 0.107464 -1.689259 
-0.036951 0.108626 -1.698002 
-0.018217 0.092287 -1.703066 
-0.698132 0.698132 -1.774424 
