0 12.000000 
1 12.000000 
2 13.873988 
3 15.155279 
4 15.858228 
5 16.000000 
6 16.000000 
7 16.000000 
8 16.000000 
9 16.000000 
10 16.000000 
11 16.000000 
12 16.000000 
13 16.000000 
14 15.892467 
15 15.511353 
16 14.918560 
17 14.197845 
18 13.463864 
19 12.804845 
20 12.306953 
21 12.039564 
22 12.000000 
23 12.000000 
24 12.000000 
25 12.000000 
26 12.000000 
27 12.000000 
28 12.000000 
29 12.000000 
30 12.000000 
31 12.000000 
32 12.000000 
33 12.000000 
34 12.000000 
35 12.000000 
36 12.000000 
37 12.000000 
38 12.000000 
39 12.000000 
40 12.000000 
41 12.129549 
42 12.455894 
43 12.898560 
44 13.389318 
45 13.874939 
46 14.316080 
47 14.684777 
48 14.961955 
49 15.135679 
50 15.199287 
