0 0.000000 
1 6.789810 
2 4.642360 
3 2.546916 
4 0.513668 
5 0.000000 
6 -0.000000 
7 0.000000 
8 -0.000000 
9 -0.000000 
10 0.000000 
11 0.000000 
12 -0.000000 
13 -0.389613 
14 -1.380849 
15 -2.147799 
16 -2.611286 
17 -2.659352 
18 -2.387752 
19 -1.803956 
20 -0.968802 
21 -0.143346 
22 -0.000000 
23 0.000000 
24 -0.000000 
25 0.000000 
26 -0.000000 
27 0.000000 
28 -0.000000 
29 0.000000 
30 -0.000000 
31 0.000000 
32 0.000000 
33 0.000000 
34 -0.000000 
35 -0.000000 
36 -0.000000 
37 -0.000000 
38 -0.000000 
39 0.000000 
40 0.469379 
41 1.182410 
42 1.603863 
43 1.778108 
44 1.759497 
45 1.598336 
46 1.335859 
47 1.004268 
48 0.629436 
49 0.230463 
