5.000000 130.000000 30.000000 
6.651868 129.997542 29.898829 
8.351024 129.983146 29.695208 
10.153643 129.957083 29.481198 
12.045733 129.922861 29.250655 
14.014764 129.883668 29.006402 
16.048524 129.842353 28.750554 
18.135201 129.801436 28.485306 
20.263373 129.763115 28.212874 
22.421996 129.729265 27.935492 
24.600401 129.701442 27.655394 
26.788270 129.680878 27.374759 
28.978456 129.668462 27.095135 
31.168873 129.664742 26.817072 
33.359497 129.669969 26.540677 
35.550304 129.684106 26.266043 
37.741269 129.706828 25.993255 
39.932376 129.737517 25.722393 
42.123620 129.775256 25.453527 
44.315006 129.818830 25.186719 
46.506559 129.866718 24.922020 
48.698315 129.917087 24.659472 
50.890324 129.967785 24.399100 
53.082639 130.016333 24.140916 
55.275314 130.059912 23.884911 
57.468384 130.095350 23.631055 
59.661851 130.119097 23.379294 
61.855660 130.127203 23.129543 
64.049663 130.115278 22.881695 
66.242542 130.078453 22.635817 
68.430550 130.011349 22.392340 
70.608709 129.907994 22.151823 
72.772164 129.761633 21.914665 
74.916106 129.564448 21.681055 
77.035623 129.307012 21.450904 
79.125376 128.977213 21.223899 
81.178319 128.559534 20.992651 
83.186505 128.040341 20.748342 
85.146099 127.420156 20.497193 
87.057336 126.710023 20.250261 
88.920853 125.922021 20.010311 
90.736914 125.066085 19.776657 
92.505666 124.150225 19.548892 
94.227181 123.181137 19.326734 
95.901499 122.164562 19.109985 
97.528652 121.105505 18.898502 
99.108680 120.008360 18.692177 
100.641640 118.877001 18.490923 
102.127615 117.714844 18.294656 
103.566710 116.524891 18.103296 
104.959061 115.309764 17.916751 
106.304833 114.071732 17.734916 
107.604215 112.812730 17.557668 
108.857427 111.534377 17.384862 
110.064710 110.237992 17.216330 
111.226330 108.924603 17.051875 
112.342570 107.594961 16.891276 
113.413734 106.249547 16.734282 
114.440137 104.888584 16.580613 
115.422108 103.512042 16.429959 
116.359986 102.119653 16.281979 
117.254119 100.710911 16.136304 
118.104860 99.285086 15.992529 
118.912570 97.841231 15.850221 
119.677617 96.378186 15.708915 
120.400224 94.894884 15.568186 
121.079970 93.391425 15.427820 
121.715942 91.868902 15.287783 
122.307230 90.328449 15.148061 
122.852938 88.771239 15.008645 
123.352197 87.198496 14.869525 
123.804185 85.611497 14.730697 
124.208139 84.011574 14.592153 
124.563414 82.400140 14.453630 
124.869754 80.778705 14.314945 
125.127663 79.148844 14.176467 
125.338058 77.512125 14.038507 
125.502010 75.870055 13.901078 
125.620709 74.224048 13.764188 
125.695459 72.575411 13.627845 
125.727671 70.925346 13.492056 
125.718861 69.274941 13.356826 
125.670638 67.625168 13.222161 
125.584702 65.976879 13.088066 
125.462831 64.330808 12.954543 
125.306879 62.687565 12.821593 
125.118764 61.047643 12.689215 
124.900459 59.411418 12.557406 
124.653988 57.779150 12.426160 
124.381417 56.150989 12.295471 
124.084848 54.526981 12.165329 
123.766411 52.907074 12.035723 
123.428262 51.291123 11.906640 
123.072573 49.678899 11.778063 
122.701533 48.070098 11.649977 
122.317342 46.464348 11.522362 
121.922207 44.861218 11.395198 
121.518342 43.260232 11.268436 
121.107978 41.660925 11.141352 
120.693701 40.064203 10.996145 
120.295320 38.614445 10.363405 
