0 0.000000 
1 0.122340 
2 0.116252 
3 0.120026 
4 0.122413 
5 0.124361 
6 0.125866 
7 0.126956 
8 0.127641 
9 0.127925 
10 0.127810 
11 0.127323 
12 0.126641 
13 0.125899 
14 0.125116 
15 0.124293 
16 0.123431 
17 0.122535 
18 0.121609 
19 0.120657 
20 0.119684 
21 0.118696 
22 0.117698 
23 0.116700 
24 0.115711 
25 0.114740 
26 0.113801 
27 0.112908 
28 0.112066 
29 0.111220 
30 0.110318 
31 0.109387 
32 0.108482 
33 0.107675 
34 0.107074 
35 0.106693 
36 0.113167 
37 0.121304 
38 0.121846 
39 0.119176 
40 0.116890 
41 0.114812 
42 0.112886 
43 0.111069 
44 0.109334 
45 0.107660 
46 0.106032 
47 0.104442 
48 0.102882 
49 0.101350 
50 0.099846 
51 0.098371 
52 0.096930 
53 0.095527 
54 0.094168 
55 0.092863 
56 0.091619 
57 0.090447 
58 0.089357 
59 0.088361 
60 0.087470 
61 0.086697 
62 0.086053 
63 0.085553 
64 0.085201 
65 0.084966 
66 0.084762 
67 0.084567 
68 0.084380 
69 0.084198 
70 0.084020 
71 0.083844 
72 0.083676 
73 0.083818 
74 0.083873 
75 0.083566 
76 0.083246 
77 0.082922 
78 0.082593 
79 0.082259 
80 0.081922 
81 0.081581 
82 0.081237 
83 0.080891 
84 0.080544 
85 0.080197 
86 0.079851 
87 0.079508 
88 0.079168 
89 0.078833 
90 0.078505 
91 0.078184 
92 0.077872 
93 0.077570 
94 0.077278 
95 0.076999 
96 0.076733 
97 0.076512 
98 0.077122 
99 0.098478 
100 0.698132 
