0 0.886521 
1 -0.044115 
2 0.027352 
3 0.017292 
4 0.014121 
5 0.010901 
6 0.007900 
7 0.004963 
8 0.002061 
9 -0.000836 
10 -0.003526 
11 -0.004948 
12 -0.005373 
13 -0.005672 
14 -0.005970 
15 -0.006244 
16 -0.006491 
17 -0.006710 
18 -0.006898 
19 -0.007051 
20 -0.007163 
21 -0.007226 
22 -0.007231 
23 -0.007170 
24 -0.007033 
25 -0.006806 
26 -0.006472 
27 -0.006104 
28 -0.006126 
29 -0.006539 
30 -0.006748 
31 -0.006556 
32 -0.005844 
33 -0.004361 
34 -0.002758 
35 0.046913 
36 0.058960 
37 0.003928 
38 -0.019343 
39 -0.016566 
40 -0.015056 
41 -0.013961 
42 -0.013163 
43 -0.012573 
44 -0.012132 
45 -0.011794 
46 -0.011527 
47 -0.011303 
48 -0.011100 
49 -0.010899 
50 -0.010686 
51 -0.010447 
52 -0.010169 
53 -0.009843 
54 -0.009460 
55 -0.009012 
56 -0.008493 
57 -0.007897 
58 -0.007220 
59 -0.006457 
60 -0.005605 
61 -0.004663 
62 -0.003627 
63 -0.002544 
64 -0.001706 
65 -0.001478 
66 -0.001412 
67 -0.001359 
68 -0.001319 
69 -0.001291 
70 -0.001275 
71 -0.001215 
72 0.001031 
73 0.000395 
74 -0.002221 
75 -0.002319 
76 -0.002352 
77 -0.002384 
78 -0.002415 
79 -0.002445 
80 -0.002471 
81 -0.002492 
82 -0.002507 
83 -0.002515 
84 -0.002515 
85 -0.002506 
86 -0.002489 
87 -0.002461 
88 -0.002425 
89 -0.002379 
90 -0.002324 
91 -0.002261 
92 -0.002190 
93 -0.002112 
94 -0.002027 
95 -0.001928 
96 -0.001600 
97 0.004421 
98 0.154758 
99 4.345314 
