0 0.000000 
1 -0.077759 
2 -0.054846 
3 -0.034848 
4 -0.018100 
5 -0.003950 
6 0.008040 
7 0.018173 
8 0.026659 
9 0.033643 
10 0.039224 
11 0.043448 
12 0.046254 
13 0.047570 
14 0.047372 
15 0.045646 
16 0.042375 
17 0.037536 
18 0.031108 
19 0.023064 
20 0.013372 
21 0.001998 
22 -0.011104 
23 -0.025987 
24 -0.042720 
25 -0.061391 
26 -0.082116 
27 -0.105046 
28 -0.130410 
29 -0.158632 
30 -0.190349 
31 -0.226349 
32 -0.267811 
33 -0.316781 
34 -0.377348 
35 -0.456148 
36 -0.535314 
37 -0.536928 
38 -0.489645 
39 -0.442473 
40 -0.405103 
41 -0.375136 
42 -0.350358 
43 -0.329467 
44 -0.311673 
45 -0.296453 
46 -0.283436 
47 -0.272343 
48 -0.262955 
49 -0.255094 
50 -0.248613 
51 -0.243382 
52 -0.239288 
53 -0.236226 
54 -0.234098 
55 -0.232809 
56 -0.232266 
57 -0.232375 
58 -0.233038 
59 -0.234158 
60 -0.235629 
61 -0.237345 
62 -0.239195 
63 -0.241065 
64 -0.242860 
65 -0.244609 
66 -0.246487 
67 -0.248492 
68 -0.250555 
69 -0.252609 
70 -0.254583 
71 -0.256408 
72 -0.257986 
73 -0.258131 
74 -0.253726 
75 -0.247848 
76 -0.241602 
77 -0.234997 
78 -0.228023 
79 -0.220671 
80 -0.212940 
81 -0.204831 
82 -0.196349 
83 -0.187504 
84 -0.178308 
85 -0.168775 
86 -0.158921 
87 -0.148766 
88 -0.138328 
89 -0.127630 
90 -0.116692 
91 -0.105538 
92 -0.094190 
93 -0.082670 
94 -0.071003 
95 -0.059211 
96 -0.047318 
97 -0.035347 
98 -0.023322 
99 -0.011558 
100 -0.698132 
