0 -0.563474 
1 0.166041 
2 0.144910 
3 0.121365 
4 0.102533 
5 0.086885 
6 0.073427 
7 0.061492 
8 0.050611 
9 0.040446 
10 0.030603 
11 0.020335 
12 0.009538 
13 -0.001432 
14 -0.012507 
15 -0.023709 
16 -0.035060 
17 -0.046580 
18 -0.058293 
19 -0.070228 
20 -0.082425 
21 -0.094940 
22 -0.107848 
23 -0.121254 
24 -0.135299 
25 -0.150178 
26 -0.166160 
27 -0.183797 
28 -0.204508 
29 -0.229835 
30 -0.260871 
31 -0.300449 
32 -0.354851 
33 -0.438895 
34 -0.571015 
35 -0.573666 
36 -0.011696 
37 0.342633 
38 0.341824 
39 0.270798 
40 0.217153 
41 0.179553 
42 0.151383 
43 0.128942 
44 0.110289 
45 0.094327 
46 0.080386 
47 0.068029 
48 0.056959 
49 0.046966 
50 0.037903 
51 0.029668 
52 0.022189 
53 0.015421 
54 0.009339 
55 0.003935 
56 -0.000786 
57 -0.004809 
58 -0.008110 
59 -0.010662 
60 -0.012435 
61 -0.013404 
62 -0.013551 
63 -0.013012 
64 -0.012668 
65 -0.013612 
66 -0.014526 
67 -0.014954 
68 -0.014882 
69 -0.014306 
70 -0.013223 
71 -0.011437 
72 -0.001050 
73 0.031923 
74 0.042593 
75 0.045263 
76 0.047859 
77 0.050539 
78 0.053272 
79 0.056023 
80 0.058762 
81 0.061461 
82 0.064094 
83 0.066641 
84 0.069082 
85 0.071403 
86 0.073590 
87 0.075633 
88 0.077524 
89 0.079258 
90 0.080829 
91 0.082235 
92 0.083474 
93 0.084545 
94 0.085448 
95 0.086182 
96 0.086748 
97 0.087138 
98 0.085242 
99 -4.975169 
