0 0.000000 
1 -0.004476 
2 -0.011881 
3 -0.016600 
4 -0.019251 
5 -0.020314 
6 -0.020126 
7 -0.018942 
8 -0.016953 
9 -0.014315 
10 -0.011155 
11 -0.007584 
12 -0.003713 
13 0.000336 
14 0.004433 
15 0.008448 
16 0.012246 
17 0.015694 
18 0.018656 
19 0.020992 
20 0.022564 
21 0.023227 
22 0.022834 
23 0.021234 
24 0.018270 
25 0.013776 
26 0.007576 
27 -0.000519 
28 -0.010721 
29 -0.023280 
30 -0.038524 
31 -0.056880 
32 -0.078906 
33 -0.105376 
34 -0.137467 
35 -0.177117 
36 -0.226013 
37 -0.280185 
38 -0.332030 
39 -0.378676 
40 -0.420842 
41 -0.459584 
42 -0.495637 
43 -0.529512 
44 -0.561595 
45 -0.592193 
46 -0.621561 
47 -0.649916 
48 -0.677450 
49 -0.704331 
50 -0.730713 
51 -0.756733 
52 -0.782516 
53 -0.808176 
54 -0.833817 
55 -0.859530 
56 -0.885398 
57 -0.911488 
58 -0.937858 
59 -0.964551 
60 -0.991592 
61 -1.018994 
62 -1.046748 
63 -1.074828 
64 -1.103191 
65 -1.131789 
66 -1.160609 
67 -1.189666 
68 -1.218972 
69 -1.248530 
70 -1.278335 
71 -1.308374 
72 -1.338621 
73 -1.368975 
74 -1.399067 
75 -1.428528 
76 -1.457247 
77 -1.485182 
78 -1.512292 
79 -1.538534 
80 -1.563865 
81 -1.588242 
82 -1.611625 
83 -1.633971 
84 -1.655243 
85 -1.675404 
86 -1.694417 
87 -1.712250 
88 -1.728872 
89 -1.744256 
90 -1.758375 
91 -1.771206 
92 -1.782729 
93 -1.792925 
94 -1.801779 
95 -1.809277 
96 -1.815408 
97 -1.820164 
98 -1.823538 
99 -1.825544 
100 -1.870256 
