0.000000 0.000000 0.000000 
-0.077759 0.122340 -0.004476 
-0.054846 0.116252 -0.011881 
-0.034848 0.120026 -0.016600 
-0.018100 0.122413 -0.019251 
-0.003950 0.124361 -0.020314 
0.008040 0.125866 -0.020126 
0.018173 0.126956 -0.018942 
0.026659 0.127641 -0.016953 
0.033643 0.127925 -0.014315 
0.039224 0.127810 -0.011155 
0.043448 0.127323 -0.007584 
0.046254 0.126641 -0.003713 
0.047570 0.125899 0.000336 
0.047372 0.125116 0.004433 
0.045646 0.124293 0.008448 
0.042375 0.123431 0.012246 
0.037536 0.122535 0.015694 
0.031108 0.121609 0.018656 
0.023064 0.120657 0.020992 
0.013372 0.119684 0.022564 
0.001998 0.118696 0.023227 
-0.011104 0.117698 0.022834 
-0.025987 0.116700 0.021234 
-0.042720 0.115711 0.018270 
-0.061391 0.114740 0.013776 
-0.082116 0.113801 0.007576 
-0.105046 0.112908 -0.000519 
-0.130410 0.112066 -0.010721 
-0.158632 0.111220 -0.023280 
-0.190349 0.110318 -0.038524 
-0.226349 0.109387 -0.056880 
-0.267811 0.108482 -0.078906 
-0.316781 0.107675 -0.105376 
-0.377348 0.107074 -0.137467 
-0.456148 0.106693 -0.177117 
-0.535314 0.113167 -0.226013 
-0.536928 0.121304 -0.280185 
-0.489645 0.121846 -0.332030 
-0.442473 0.119176 -0.378676 
-0.405103 0.116890 -0.420842 
-0.375136 0.114812 -0.459584 
-0.350358 0.112886 -0.495637 
-0.329467 0.111069 -0.529512 
-0.311673 0.109334 -0.561595 
-0.296453 0.107660 -0.592193 
-0.283436 0.106032 -0.621561 
-0.272343 0.104442 -0.649916 
-0.262955 0.102882 -0.677450 
-0.255094 0.101350 -0.704331 
-0.248613 0.099846 -0.730713 
-0.243382 0.098371 -0.756733 
-0.239288 0.096930 -0.782516 
-0.236226 0.095527 -0.808176 
-0.234098 0.094168 -0.833817 
-0.232809 0.092863 -0.859530 
-0.232266 0.091619 -0.885398 
-0.232375 0.090447 -0.911488 
-0.233038 0.089357 -0.937858 
-0.234158 0.088361 -0.964551 
-0.235629 0.087470 -0.991592 
-0.237345 0.086697 -1.018994 
-0.239195 0.086053 -1.046748 
-0.241065 0.085553 -1.074828 
-0.242860 0.085201 -1.103191 
-0.244609 0.084966 -1.131789 
-0.246487 0.084762 -1.160609 
-0.248492 0.084567 -1.189666 
-0.250555 0.084380 -1.218972 
-0.252609 0.084198 -1.248530 
-0.254583 0.084020 -1.278335 
-0.256408 0.083844 -1.308374 
-0.257986 0.083676 -1.338621 
-0.258131 0.083818 -1.368975 
-0.253726 0.083873 -1.399067 
-0.247848 0.083566 -1.428528 
-0.241602 0.083246 -1.457247 
-0.234997 0.082922 -1.485182 
-0.228023 0.082593 -1.512292 
-0.220671 0.082259 -1.538534 
-0.212940 0.081922 -1.563865 
-0.204831 0.081581 -1.588242 
-0.196349 0.081237 -1.611625 
-0.187504 0.080891 -1.633971 
-0.178308 0.080544 -1.655243 
-0.168775 0.080197 -1.675404 
-0.158921 0.079851 -1.694417 
-0.148766 0.079508 -1.712250 
-0.138328 0.079168 -1.728872 
-0.127630 0.078833 -1.744256 
-0.116692 0.078505 -1.758375 
-0.105538 0.078184 -1.771206 
-0.094190 0.077872 -1.782729 
-0.082670 0.077570 -1.792925 
-0.071003 0.077278 -1.801779 
-0.059211 0.076999 -1.809277 
-0.047318 0.076733 -1.815408 
-0.035347 0.076512 -1.820164 
-0.023322 0.077122 -1.823538 
-0.011558 0.098478 -1.825544 
-0.698132 0.698132 -1.870256 
