0 12.000000 
1 12.000000 
2 12.802607 
3 13.508532 
4 14.120325 
5 14.640694 
6 15.072435 
7 15.418377 
8 15.681340 
9 15.864114 
10 15.969441 
11 16.000000 
12 16.000000 
13 16.000000 
14 16.000000 
15 16.000000 
16 16.000000 
17 16.000000 
18 16.000000 
19 16.000000 
20 16.000000 
21 16.000000 
22 16.000000 
23 16.000000 
24 16.000000 
25 16.000000 
26 16.000000 
27 16.000000 
28 16.000000 
29 15.984668 
30 15.936440 
31 15.858697 
32 15.755422 
33 15.631404 
34 15.492572 
35 15.346539 
36 15.203288 
37 15.069347 
38 14.943818 
39 14.824065 
40 14.706419 
41 14.588316 
42 14.468089 
43 14.344720 
44 14.217679 
45 14.086813 
46 13.952272 
47 13.814456 
48 13.673965 
49 13.531573 
50 13.388199 
51 13.244882 
52 13.102769 
53 12.963096 
54 12.827176 
55 12.696392 
56 12.572182 
57 12.456035 
58 12.349480 
59 12.254077 
60 12.171410 
61 12.103076 
62 12.050673 
63 12.015791 
64 12.000000 
65 12.000000 
66 12.000000 
67 12.000000 
68 12.000000 
69 12.000000 
70 12.000000 
71 12.000000 
72 12.000000 
73 12.000000 
74 12.000000 
75 12.000000 
76 12.000000 
77 12.000000 
78 12.000000 
79 12.000000 
80 12.000000 
81 12.000000 
82 12.000000 
83 12.000000 
84 12.000000 
85 12.000000 
86 12.000000 
87 12.000000 
88 12.000000 
89 12.000000 
90 12.000000 
91 12.000000 
92 12.000000 
93 12.000000 
94 12.000000 
95 12.000000 
96 12.000000 
97 12.000000 
98 12.000000 
99 12.000000 
100 12.000000 
