0 0.000000 
1 5.815992 
2 5.115399 
3 4.433284 
4 3.770788 
5 3.128560 
6 2.506823 
7 1.905529 
8 1.324452 
9 0.763237 
10 0.221443 
11 -0.000000 
12 -0.000000 
13 -0.000000 
14 0.000000 
15 -0.000000 
16 0.000000 
17 0.000000 
18 -0.000000 
19 -0.000000 
20 -0.000000 
21 -0.000000 
22 0.000000 
23 0.000000 
24 0.000000 
25 -0.000000 
26 0.000000 
27 0.000000 
28 -0.111101 
29 -0.349478 
30 -0.563352 
31 -0.748377 
32 -0.898676 
33 -1.006028 
34 -1.058213 
35 -1.038050 
36 -0.970585 
37 -0.909632 
38 -0.867773 
39 -0.852507 
40 -0.855820 
41 -0.871213 
42 -0.893977 
43 -0.920588 
44 -0.948305 
45 -0.974930 
46 -0.998673 
47 -1.018050 
48 -1.031823 
49 -1.038944 
50 -1.038525 
51 -1.029804 
52 -1.012126 
53 -0.984925 
54 -0.947714 
55 -0.900072 
56 -0.841645 
57 -0.772139 
58 -0.691324 
59 -0.599035 
60 -0.495177 
61 -0.379732 
62 -0.252765 
63 -0.114429 
64 0.000000 
65 0.000000 
66 -0.000000 
67 0.000000 
68 -0.000000 
69 -0.000000 
70 0.000000 
71 0.000000 
72 -0.000000 
73 -0.000000 
74 -0.000000 
75 0.000000 
76 -0.000000 
77 -0.000000 
78 -0.000000 
79 -0.000000 
80 0.000000 
81 -0.000000 
82 0.000000 
83 -0.000000 
84 0.000000 
85 -0.000000 
86 0.000000 
87 0.000000 
88 0.000000 
89 0.000000 
90 -0.000000 
91 0.000000 
92 -0.000000 
93 0.000000 
94 0.000000 
95 0.000000 
96 0.000000 
97 0.000000 
98 0.000000 
99 -0.000000 
