 55  55  55  55  55  55  55  55  55  55  55  55  55  55  55  55  55  55  55  55  55  55  55  55  55  55  55  55  55  55  55  55  55  55  55  55  55  55  55  55  55  55  55  55  55  55  55  55  55  55
 50  50  50  50  50  50  50  50  50  50  50  50  50  50  50  50  50  50  50  50  50  50  50  50  50  50  50  50  50  50  50  50  50  50  50  50  50  50  50  50  50  50  50  50  50  50  50  50  50  50
 10  10  10  10  10  10  10  10  10  10  10  10  10  10  10  10  10  10  10  10  10  10  10  10  10  10  10  10  10  10  10  10  10  10  10  10  10  10  10  10  10  10  10  10  10  10  10  10  10  10
 70  70  70  70  70  70  70  70  70  70  70  70  70  70  70  70  70  70  70  70  70  70  70  70  70  70  70  70  70  70  70  70  70  70  70  70  70  70  70  70  70  70  70  70  70  70  70  70  70  70
 45  45  45  45  45  45  45  45  45  45  45  45  45  45  45  45  45  45  45  45  45  45  45  45  45  45  45  45  45  45  45  45  45  45  45  45  45  45  45  45  45  45  45  45  45  45  45  45  45  45
100 100 100 100 100 100 100 100 100 100 100 100 100 100 100 100 100 100 100 100 100 100 100 100 100 100 100 100 100 100 100 100 100 100 100 100 100 100 100 100 100 100 100 100 100 100 100 100 100 100
110 110 110 110 110 110 110 110 110 110 110 110 110 110 110 110 110 110 110 110 110 110 110 110 110 110 110 110 110 110 110 110 110 110 110 110 110 110 110 110 110 110 110 110 110 110 110 110 110 110
105 105 105 105 105 105 105 105 105 105 105 105 105 105 105 105 105 105 105 105 105 105 105 105 105 105 105 105 105 105 105 105 105 105 105 105 105 105 105 105 105 105 105 105 105 105 105 105 105 105
 95  95  95  95  95  95  95  95  95  95  95  95  95  95  95  95  95  95  95  95  95  95  95  95  95  95  95  95  95  95  95  95  95  95  95  95  95  95  95  95  95  95  95  95  95  95  95  95  95  95
 80  80  80  80  80  80  80  80  80  80  80  80  80  80  80  80  80  80  80  80  80  80  80  80  80  80  80  80  80  80  80  80  80  80  80  80  80  80  80  80  80  80  80  80  80  80  80  80  80  80
120 120 120 120 120 120 120 120 120 120 120 120 120 120 120 120 120 120 120 120 120 120 120 120 120 120 120 120 120 120 120 120 120 120 120 120 120 120 120 120 120 120 120 120 120 120 120 120 120 120
  0   0   0   0   0   0   0   0   0   0   0   0   0   0   0   0   0   0   0   0   0   0   0   0   0   0   0   0   0   0   0   0   0   0   0   0   0   0   0   0   0   0   0   0   0   0   0   0   0   0
 20  20  20  20  20  20  20  20  20  20  20  20  20  20  20  20  20  20  20  20  20  20  20  20  20  20  20  20  20  20  20  20  20  20  20  20  20  20  20  20  20  20  20  20  20  20  20  20  20  20