5.000000 130.000000 30.000000 
5.443056 126.814205 29.999628 
5.627217 123.200227 30.037380 
5.612930 119.042253 30.135599 
5.503545 114.746146 30.272683 
5.386001 110.448581 30.445377 
5.336274 106.148507 30.629551 
5.446222 101.849539 30.837219 
5.842738 97.558365 31.003727 
6.621265 93.305644 30.999112 
7.691584 89.121899 30.867146 
8.926517 84.996233 30.680496 
10.241926 80.901717 30.471706 
11.584848 76.816820 30.286111 
12.919193 72.728416 30.130026 
14.220552 68.627872 30.001576 
15.473334 64.509809 29.897501 
16.669059 60.371487 29.814489 
17.805395 56.212344 29.749268 
18.885714 52.033648 29.698542 
19.919080 47.838296 29.658811 
20.920609 43.630830 29.626155 
21.912159 39.417797 29.595343 
22.923357 35.208656 29.557999 
23.993206 31.016880 29.503069 
25.172454 26.861720 29.419625 
26.526813 22.771824 29.298805 
28.141599 18.792040 29.134621 
30.121051 14.991968 28.923447 
32.547966 11.456626 28.662966 
35.421423 8.252748 28.351576 
38.703860 5.449782 27.987216 
42.306455 3.142608 27.572410 
46.078610 1.428069 27.121954 
49.867057 0.362914 26.379265 
53.638224 -0.073450 25.145131 
57.492708 0.077397 23.728353 
61.460151 0.820172 22.349597 
65.421745 2.163873 20.982523 
69.203106 4.079757 19.647411 
72.687716 6.504697 18.382762 
75.897661 9.269695 17.229644 
79.036080 12.086172 16.216226 
82.291008 14.807667 15.344406 
85.807456 17.385168 14.597188 
89.707535 19.822199 13.954189 
94.086892 22.174547 13.398565 
98.998084 24.561229 12.984778 
104.421570 27.186336 12.909711 
110.238896 30.166341 12.833926 
116.461837 33.486811 11.188987 
