0 0.000000 
1 0.000215 
2 -0.025868 
3 -0.031877 
4 -0.038242 
5 -0.043729 
6 -0.042289 
7 -0.054657 
8 -0.023282 
9 0.024505 
10 0.036141 
11 0.050459 
12 0.046565 
13 0.039569 
14 0.032705 
15 0.026591 
16 0.021261 
17 0.016707 
18 0.012919 
19 0.009919 
20 0.007781 
21 0.006628 
22 0.006951 
23 0.009739 
24 0.015256 
25 0.023171 
26 0.032833 
27 0.043537 
28 0.054876 
29 0.066643 
30 0.078626 
31 0.091758 
32 0.105114 
33 0.115916 
34 0.267064 
35 0.381677 
36 0.356245 
37 0.344659 
38 0.332674 
39 0.314700 
40 0.288017 
41 0.254699 
42 0.219808 
43 0.188204 
44 0.161500 
45 0.139368 
46 0.120499 
47 0.072695 
48 -0.040169 
49 0.072058 
50 0.698132 
