0 0.000801 
1 -0.097325 
2 -0.022422 
3 -0.023751 
4 -0.020471 
5 0.005371 
6 -0.046149 
7 0.117070 
8 0.178312 
9 0.043419 
10 0.053424 
11 -0.014530 
12 -0.026104 
13 -0.025611 
14 -0.022814 
15 -0.019889 
16 -0.016992 
17 -0.014136 
18 -0.011193 
19 -0.007980 
20 -0.004300 
21 0.001204 
22 0.010404 
23 0.020587 
24 0.029534 
25 0.036052 
26 0.039939 
27 0.042310 
28 0.043908 
29 0.044710 
30 0.049001 
31 0.049837 
32 0.040304 
33 0.563987 
34 0.427660 
35 -0.094897 
36 -0.043232 
37 -0.044719 
38 -0.067067 
39 -0.099563 
40 -0.124323 
41 -0.130190 
42 -0.117923 
43 -0.099644 
44 -0.082583 
45 -0.070404 
46 -0.178373 
47 -0.421137 
48 0.418759 
49 2.336096 
