0 0.000000 
1 -0.497446 
2 -0.279818 
3 -0.121834 
4 -0.011444 
5 0.090475 
6 0.209815 
7 0.380837 
8 0.546203 
9 0.396116 
10 0.223735 
11 0.112109 
12 0.036473 
13 -0.015933 
14 -0.051562 
15 -0.074262 
16 -0.086466 
17 -0.089659 
18 -0.084584 
19 -0.071355 
20 -0.049493 
21 -0.017937 
22 0.024990 
23 0.081694 
24 0.155565 
25 0.251445 
26 0.376468 
27 0.541795 
28 0.698132 
29 0.698132 
30 0.698132 
31 0.698132 
32 0.698132 
33 0.698132 
34 0.698132 
35 0.698132 
36 0.698132 
37 0.698132 
38 0.698132 
39 0.698132 
40 0.608866 
41 0.169372 
42 -0.100538 
43 -0.278747 
44 -0.401726 
45 -0.474383 
46 -0.491017 
47 -0.447422 
48 -0.343161 
49 -0.194115 
50 -0.698132 
