0 -1.856142 
1 0.812046 
2 0.589490 
3 0.411903 
4 0.380297 
5 0.445299 
6 0.638142 
7 0.617036 
8 -0.560027 
9 -0.643212 
10 -0.416513 
11 -0.282224 
12 -0.195544 
13 -0.132943 
14 -0.084702 
15 -0.045540 
16 -0.011911 
17 0.018933 
18 0.049363 
19 0.081576 
20 0.117746 
21 0.160176 
22 0.211582 
23 0.275639 
24 0.357758 
25 0.466506 
26 0.616892 
27 0.583344 
28 0.000000 
29 -0.000000 
30 0.000000 
31 -0.000000 
32 0.000000 
33 0.000000 
34 -0.000000 
35 -0.000000 
36 -0.000000 
37 -0.000000 
38 0.000000 
39 -0.333082 
40 -1.639903 
41 -1.007126 
42 -0.664959 
43 -0.458876 
44 -0.271110 
45 -0.062066 
46 0.162670 
47 0.389031 
48 0.556144 
49 -1.880660 
