0 -1.413717 
1 -1.471632 
2 -1.554461 
3 -1.589182 
4 -1.599922 
5 -1.593215 
6 -1.567922 
7 -1.517098 
8 -1.433857 
9 -1.348759 
10 -1.294987 
11 -1.266636 
12 -1.254276 
13 -1.252655 
14 -1.258369 
15 -1.268937 
16 -1.282410 
17 -1.297166 
18 -1.311762 
19 -1.324825 
20 -1.334952 
21 -1.340611 
22 -1.340033 
23 -1.331093 
24 -1.311127 
25 -1.276668 
26 -1.222974 
27 -1.143174 
28 -1.032758 
29 -0.904542 
30 -0.771296 
31 -0.632455 
32 -0.490879 
33 -0.345072 
34 -0.192645 
35 -0.036810 
36 0.116087 
37 0.262677 
38 0.404318 
39 0.544523 
40 0.671945 
41 0.733009 
42 0.720720 
43 0.667811 
44 0.586875 
45 0.486619 
46 0.377936 
47 0.274232 
48 0.189354 
49 0.135326 
50 0.012138 
