0.000000 0.000000 -1.413717 
-0.497446 0.000215 -1.471632 
-0.279818 -0.025868 -1.554461 
-0.121834 -0.031877 -1.589182 
-0.011444 -0.038242 -1.599922 
0.090475 -0.043729 -1.593215 
0.209815 -0.042289 -1.567922 
0.380837 -0.054657 -1.517098 
0.546203 -0.023282 -1.433857 
0.396116 0.024505 -1.348759 
0.223735 0.036141 -1.294987 
0.112109 0.050459 -1.266636 
0.036473 0.046565 -1.254276 
-0.015933 0.039569 -1.252655 
-0.051562 0.032705 -1.258369 
-0.074262 0.026591 -1.268937 
-0.086466 0.021261 -1.282410 
-0.089659 0.016707 -1.297166 
-0.084584 0.012919 -1.311762 
-0.071355 0.009919 -1.324825 
-0.049493 0.007781 -1.334952 
-0.017937 0.006628 -1.340611 
0.024990 0.006951 -1.340033 
0.081694 0.009739 -1.331093 
0.155565 0.015256 -1.311127 
0.251445 0.023171 -1.276668 
0.376468 0.032833 -1.222974 
0.541795 0.043537 -1.143174 
0.698132 0.054876 -1.032758 
0.698132 0.066643 -0.904542 
0.698132 0.078626 -0.771296 
0.698132 0.091758 -0.632455 
0.698132 0.105114 -0.490879 
0.698132 0.115916 -0.345072 
0.698132 0.267064 -0.192645 
0.698132 0.381677 -0.036810 
0.698132 0.356245 0.116087 
0.698132 0.344659 0.262677 
0.698132 0.332674 0.404318 
0.698132 0.314700 0.544523 
0.608866 0.288017 0.671945 
0.169372 0.254699 0.733009 
-0.100538 0.219808 0.720720 
-0.278747 0.188204 0.667811 
-0.401726 0.161500 0.586875 
-0.474383 0.139368 0.486619 
-0.491017 0.120499 0.377936 
-0.447422 0.072695 0.274232 
-0.343161 -0.040169 0.189354 
-0.194115 0.072058 0.135326 
-0.698132 0.698132 0.012138 
