0 12.000000 
1 12.000000 
2 14.972633 
3 16.000000 
4 16.000000 
5 16.000000 
6 16.000000 
7 16.000000 
8 16.000000 
9 16.000000 
10 16.000000 
11 16.000000 
12 16.000000 
13 16.000000 
14 16.000000 
15 16.000000 
16 16.000000 
17 16.000000 
18 16.000000 
19 16.000000 
20 16.000000 
21 16.000000 
22 16.000000 
23 16.000000 
24 16.000000 
25 16.000000 
26 16.000000 
27 16.000000 
28 16.000000 
29 16.000000 
30 16.000000 
31 16.000000 
32 15.731643 
33 15.055698 
34 14.430051 
35 14.422326 
36 14.970030 
37 15.630980 
38 16.000000 
39 16.000000 
40 16.000000 
41 16.000000 
42 16.000000 
43 16.000000 
44 16.000000 
45 16.000000 
46 16.000000 
47 16.000000 
48 16.000000 
49 16.000000 
50 16.000000 
