0 0.000000 
1 11.091913 
2 3.833460 
3 0.000000 
4 -0.000000 
5 0.000000 
6 -0.000000 
7 -0.000000 
8 -0.000000 
9 -0.000000 
10 -0.000000 
11 -0.000000 
12 0.000000 
13 -0.000000 
14 -0.000000 
15 0.000000 
16 -0.000000 
17 -0.000000 
18 -0.000000 
19 0.000000 
20 0.000000 
21 0.000000 
22 -0.000000 
23 0.000000 
24 -0.000000 
25 0.000000 
26 -0.000000 
27 0.000000 
28 0.000000 
29 -0.000000 
30 0.000000 
31 -1.001330 
32 -2.522184 
33 -2.334503 
34 -0.028826 
35 2.043672 
36 2.466232 
37 1.376940 
38 -0.000000 
39 0.000000 
40 -0.000000 
41 0.000000 
42 0.000000 
43 0.000000 
44 -0.000000 
45 0.000000 
46 0.000000 
47 0.000000 
48 -0.000000 
49 -0.000000 
