5.000000 130.000000 30.000000 
5.454295 126.694453 29.724910 
5.637888 122.637800 28.967965 
5.551910 118.030205 27.955458 
5.308223 113.613600 27.237081 
5.034061 109.348201 27.114055 
4.845975 105.054439 27.461245 
4.871266 100.688630 27.876165 
5.232744 96.173651 28.147457 
5.953910 91.449870 28.467890 
6.879640 86.911509 28.653867 
7.875484 82.729261 28.241889 
8.973050 78.595422 27.306892 
10.151807 74.471989 26.297141 
11.373771 70.400609 25.531030 
12.639344 66.319800 25.086841 
13.952299 62.168645 24.907074 
15.305673 57.930094 24.908970 
16.688742 53.613119 25.028060 
18.093274 49.235902 25.221066 
19.515728 44.820485 25.457798 
20.957148 40.394784 25.711876 
22.422288 35.996968 25.952243 
23.919446 31.674437 26.137069 
25.462479 27.470712 26.213067 
27.075671 23.405818 26.124683 
28.801005 19.469227 25.834971 
30.708210 15.643450 25.349937 
32.901507 11.985986 24.729023 
35.498508 8.667255 24.063538 
38.479169 5.820149 23.434943 
41.770344 3.504823 22.882226 
45.317220 1.740181 22.373721 
49.095953 0.526903 21.884234 
53.070924 -0.120923 21.391537 
57.175610 -0.180482 20.762214 
61.428988 0.362538 19.833832 
65.941491 1.551287 18.565555 
70.757727 3.410791 17.065996 
75.700561 5.837258 15.486313 
80.438785 8.547223 13.916492 
84.713577 11.248840 12.463011 
88.508473 13.815913 11.313603 
92.018391 16.313387 10.623675 
95.490068 18.897691 10.413682 
99.122771 21.727475 10.603004 
103.077228 24.955455 11.043373 
107.387850 28.625922 11.510182 
111.637781 32.307511 11.900262 
115.179027 35.278237 11.868284 
119.106604 38.827772 10.358777 
