0 0.679081 
1 0.465656 
2 -0.207569 
3 -0.592438 
4 -0.482714 
5 -0.328588 
6 0.201829 
7 -0.016574 
8 -0.204290 
9 0.513096 
10 0.654989 
11 0.262805 
12 -0.133090 
13 -0.289030 
14 -0.273806 
15 -0.205334 
16 -0.141533 
17 -0.094712 
18 -0.061200 
19 -0.033490 
20 -0.002965 
21 0.037513 
22 0.088557 
23 0.141198 
24 0.179774 
25 0.187954 
26 0.154725 
27 0.080703 
28 -0.007063 
29 -0.059309 
30 -0.060650 
31 0.016050 
32 -0.017952 
33 0.016628 
34 0.182086 
35 0.313378 
36 0.358009 
37 0.278593 
38 0.085713 
39 -0.135995 
40 -0.313618 
41 -0.416754 
42 -0.436884 
43 -0.410353 
44 -0.390206 
45 -0.365417 
46 -0.191457 
47 0.340614 
48 1.158221 
49 2.080788 
