0 0.000000 
1 0.181994 
2 0.306790 
3 0.251161 
4 0.092388 
5 -0.036980 
6 -0.125041 
7 -0.070951 
8 -0.075393 
9 -0.130143 
10 0.007367 
11 0.182904 
12 0.253336 
13 0.217668 
14 0.140208 
15 0.066828 
16 0.011798 
17 -0.026133 
18 -0.051516 
19 -0.067917 
20 -0.076893 
21 -0.077687 
22 -0.067634 
23 -0.043900 
24 -0.006059 
25 0.042120 
26 0.092492 
27 0.133958 
28 0.155587 
29 0.153694 
30 0.137799 
31 0.121545 
32 0.125846 
33 0.121035 
34 0.125492 
35 0.174291 
36 0.258276 
37 0.354222 
38 0.428885 
39 0.451856 
40 0.415410 
41 0.331360 
42 0.219670 
43 0.102585 
44 -0.007390 
45 -0.111965 
46 -0.209897 
47 -0.261207 
48 -0.169923 
49 0.140480 
50 0.698132 
