0 0.000000 
1 -0.534159 
2 -0.331276 
3 -0.166204 
4 -0.028052 
5 0.116636 
6 0.284031 
7 0.440025 
8 0.399362 
9 0.292993 
10 0.211517 
11 0.153703 
12 0.110591 
13 0.077696 
14 0.052689 
15 0.034366 
16 0.022007 
17 0.015167 
18 0.013635 
19 0.017403 
20 0.026663 
21 0.041848 
22 0.063769 
23 0.093866 
24 0.134684 
25 0.190903 
26 0.272988 
27 0.413887 
28 0.662066 
29 0.698132 
30 0.698132 
31 0.698132 
32 0.698132 
33 0.698132 
34 0.698132 
35 0.698132 
36 0.698132 
37 0.623865 
38 0.469199 
39 0.317906 
40 0.237708 
41 0.189002 
42 0.151493 
43 0.120515 
44 0.094626 
45 0.073040 
46 0.055214 
47 0.040410 
48 0.026779 
49 0.012703 
50 0.698132 
