0 -1.993132 
1 0.757029 
2 0.615938 
3 0.515493 
4 0.539878 
5 0.624610 
6 0.582069 
7 -0.151728 
8 -0.396899 
9 -0.304016 
10 -0.215726 
11 -0.160864 
12 -0.122741 
13 -0.093312 
14 -0.068371 
15 -0.046115 
16 -0.025521 
17 -0.005718 
18 0.014060 
19 0.034552 
20 0.056663 
21 0.081792 
22 0.112304 
23 0.152306 
24 0.209773 
25 0.306284 
26 0.525744 
27 0.926041 
28 0.134575 
29 -0.000000 
30 0.000000 
31 0.000000 
32 -0.000000 
33 0.000000 
34 -0.000000 
35 0.000000 
36 -0.277114 
37 -0.577112 
38 -0.564525 
39 -0.299248 
40 -0.181739 
41 -0.139959 
42 -0.115588 
43 -0.096601 
44 -0.080545 
45 -0.066515 
46 -0.055239 
47 -0.050863 
48 -0.052520 
49 2.557568 
