0 -1.413717 
1 -1.476054 
2 -1.572355 
3 -1.619765 
4 -1.636804 
5 -1.629309 
6 -1.595287 
7 -1.532087 
8 -1.457481 
9 -1.397067 
10 -1.353880 
11 -1.322951 
12 -1.300709 
13 -1.284919 
14 -1.273998 
15 -1.266700 
16 -1.261957 
17 -1.258814 
18 -1.256370 
19 -1.253746 
20 -1.250044 
21 -1.244304 
22 -1.235455 
23 -1.222227 
24 -1.203002 
25 -1.175514 
26 -1.136062 
27 -1.076379 
28 -0.975387 
29 -0.836907 
30 -0.690406 
31 -0.541219 
32 -0.390467 
33 -0.240029 
34 -0.091496 
35 0.054497 
36 0.198029 
37 0.329084 
38 0.428076 
39 0.494727 
40 0.541779 
41 0.577793 
42 0.606438 
43 0.629260 
44 0.647275 
45 0.661298 
46 0.672020 
47 0.680017 
48 0.685639 
49 0.688944 
50 0.754169 
