0.000000 0.000000 -1.413717 
-0.534159 0.181994 -1.476054 
-0.331276 0.306790 -1.572355 
-0.166204 0.251161 -1.619765 
-0.028052 0.092388 -1.636804 
0.116636 -0.036980 -1.629309 
0.284031 -0.125041 -1.595287 
0.440025 -0.070951 -1.532087 
0.399362 -0.075393 -1.457481 
0.292993 -0.130143 -1.397067 
0.211517 0.007367 -1.353880 
0.153703 0.182904 -1.322951 
0.110591 0.253336 -1.300709 
0.077696 0.217668 -1.284919 
0.052689 0.140208 -1.273998 
0.034366 0.066828 -1.266700 
0.022007 0.011798 -1.261957 
0.015167 -0.026133 -1.258814 
0.013635 -0.051516 -1.256370 
0.017403 -0.067917 -1.253746 
0.026663 -0.076893 -1.250044 
0.041848 -0.077687 -1.244304 
0.063769 -0.067634 -1.235455 
0.093866 -0.043900 -1.222227 
0.134684 -0.006059 -1.203002 
0.190903 0.042120 -1.175514 
0.272988 0.092492 -1.136062 
0.413887 0.133958 -1.076379 
0.662066 0.155587 -0.975387 
0.698132 0.153694 -0.836907 
0.698132 0.137799 -0.690406 
0.698132 0.121545 -0.541219 
0.698132 0.125846 -0.390467 
0.698132 0.121035 -0.240029 
0.698132 0.125492 -0.091496 
0.698132 0.174291 0.054497 
0.698132 0.258276 0.198029 
0.623865 0.354222 0.329084 
0.469199 0.428885 0.428076 
0.317906 0.451856 0.494727 
0.237708 0.415410 0.541779 
0.189002 0.331360 0.577793 
0.151493 0.219670 0.606438 
0.120515 0.102585 0.629260 
0.094626 -0.007390 0.647275 
0.073040 -0.111965 0.661298 
0.055214 -0.209897 0.672020 
0.040410 -0.261207 0.680017 
0.026779 -0.169923 0.685639 
0.012703 0.140480 0.688944 
0.698132 0.698132 0.754169 
