0 12.000000 
1 12.000000 
2 13.544279 
3 14.743495 
4 15.556037 
5 15.968696 
6 16.000000 
7 16.000000 
8 16.000000 
9 16.000000 
10 16.000000 
11 16.000000 
12 16.000000 
13 16.000000 
14 16.000000 
15 16.000000 
16 16.000000 
17 16.000000 
18 16.000000 
19 16.000000 
20 16.000000 
21 16.000000 
22 16.000000 
23 16.000000 
24 16.000000 
25 16.000000 
26 16.000000 
27 16.000000 
28 15.806857 
29 15.492284 
30 15.152638 
31 14.889163 
32 14.816481 
33 14.965883 
34 15.231811 
35 15.530758 
36 15.790282 
37 15.957981 
38 16.000000 
39 16.000000 
40 16.000000 
41 16.000000 
42 16.000000 
43 16.000000 
44 16.000000 
45 16.000000 
46 16.000000 
47 16.000000 
48 16.000000 
49 16.000000 
50 16.000000 
