0 0.000000 
1 5.762234 
2 4.474687 
3 3.031872 
4 1.539774 
5 0.116806 
6 -0.000000 
7 -0.000000 
8 -0.000000 
9 -0.000000 
10 -0.000000 
11 0.000000 
12 0.000000 
13 -0.000000 
14 -0.000000 
15 0.000000 
16 -0.000000 
17 -0.000000 
18 -0.000000 
19 -0.000000 
20 0.000000 
21 0.000000 
22 -0.000000 
23 0.000000 
24 0.000000 
25 0.000000 
26 -0.000000 
27 -0.720682 
28 -1.173779 
29 -1.267336 
30 -0.983117 
31 -0.271200 
32 0.557470 
33 0.992266 
34 1.115474 
35 0.968376 
36 0.625741 
37 0.156787 
38 -0.000000 
39 0.000000 
40 0.000000 
41 -0.000000 
42 -0.000000 
43 0.000000 
44 -0.000000 
45 0.000000 
46 0.000000 
47 0.000000 
48 -0.000000 
49 0.000000 
