-30.000000 -10.000000 30.000000 
-29.833110 -5.554132 30.272218 
-28.724993 -0.731270 30.795644 
-26.745187 4.622823 31.292520 
-24.367413 10.057025 31.836486 
-21.842682 15.406333 32.502806 
-19.258320 20.708556 33.314449 
-16.670594 25.997760 34.231762 
-14.120703 31.299011 35.207845 
-11.640270 36.629088 36.213134 
-9.253381 41.998380 37.236700 
-6.977245 47.412280 38.278376 
-4.821976 52.872203 39.336623 
-2.789801 58.376143 40.406850 
-0.873846 63.918814 41.486199 
0.943450 69.491640 42.575979 
2.692209 75.082612 43.681940 
4.417269 80.675777 44.812685 
6.181027 86.249658 45.977471 
8.068663 91.773147 47.183672 
10.198330 97.186468 48.476708 
12.778204 102.470163 49.365051 
15.952718 107.492647 49.225361 
19.589719 112.165074 48.558225 
23.540150 116.549080 47.930367 
27.671627 120.662326 47.328832 
31.889756 124.512826 46.759229 
36.125956 128.105764 46.226101 
40.332627 131.446514 45.732036 
44.480924 134.541505 45.277295 
48.559424 137.398287 44.859904 
52.573156 140.025253 44.475887 
56.542790 142.431145 44.119527 
60.503896 144.624411 43.783554 
64.506229 146.612403 43.459303 
68.590532 148.390503 43.138944 
72.767907 149.935078 42.818511 
77.033571 151.213120 42.496728 
81.377447 152.189709 42.172633 
85.782748 152.830522 41.845328 
90.225345 153.105481 41.514077 
94.674537 152.993273 41.178429 
99.095733 152.485858 40.838271 
103.454880 151.591443 40.493729 
107.723533 150.334701 40.144702 
111.882977 148.754228 39.789623 
115.926631 146.898300 39.427344 
119.861744 144.819749 39.073837 
123.710140 142.571259 38.773066 
127.501602 140.206022 38.637784 
130.877134 137.859637 40.129288 
