0 -0.328260 
1 0.088236 
2 0.014172 
3 -0.039821 
4 -0.071734 
5 -0.060414 
6 -0.035482 
7 -0.017855 
8 -0.008740 
9 -0.007990 
10 -0.008606 
11 -0.006626 
12 -0.004491 
13 -0.004070 
14 -0.005702 
15 -0.009305 
16 -0.013546 
17 -0.017779 
18 -0.020354 
19 -0.059711 
20 0.430183 
21 0.502050 
22 -0.024989 
23 -0.008564 
24 -0.009001 
25 -0.009749 
26 -0.010513 
27 -0.010962 
28 -0.010978 
29 -0.010492 
30 -0.009456 
31 -0.007830 
32 -0.005569 
33 -0.002791 
34 -0.000430 
35 0.000523 
36 0.001112 
37 0.001684 
38 0.002197 
39 0.002572 
40 0.002742 
41 0.002708 
42 0.002591 
43 0.002828 
44 0.004490 
45 0.004225 
46 -0.014823 
47 -0.048965 
48 -0.150397 
49 -1.883015 
