0 0.000000 
1 -0.122113 
2 -0.089289 
3 -0.084017 
4 -0.098831 
5 -0.125516 
6 -0.147989 
7 -0.161189 
8 -0.167831 
9 -0.171082 
10 -0.174054 
11 -0.177256 
12 -0.179721 
13 -0.181391 
14 -0.182905 
15 -0.185026 
16 -0.188488 
17 -0.193527 
18 -0.200141 
19 -0.207713 
20 -0.229925 
21 -0.069897 
22 0.116866 
23 0.107570 
24 0.104384 
25 0.101036 
26 0.097409 
27 0.093498 
28 0.089420 
29 0.085336 
30 0.081433 
31 0.077915 
32 0.075003 
33 0.072931 
34 0.071893 
35 0.071732 
36 0.071927 
37 0.072341 
38 0.072967 
39 0.073784 
40 0.074741 
41 0.075761 
42 0.076769 
43 0.077733 
44 0.078785 
45 0.080455 
46 0.082027 
47 0.076513 
48 0.058298 
49 0.002350 
50 -0.698132 
