0 0.000000 
1 -0.698132 
2 -0.462480 
3 -0.218796 
4 -0.115317 
5 -0.050713 
6 -0.004260 
7 0.030242 
8 0.056099 
9 0.075149 
10 0.088267 
11 0.095615 
12 0.096803 
13 0.091016 
14 0.077133 
15 0.053793 
16 0.019341 
17 -0.028468 
18 -0.093483 
19 -0.184754 
20 -0.326453 
21 -0.480454 
22 -0.404822 
23 -0.293808 
24 -0.223354 
25 -0.177566 
26 -0.146523 
27 -0.125962 
28 -0.113764 
29 -0.108698 
30 -0.109920 
31 -0.116697 
32 -0.128201 
33 -0.143344 
34 -0.160820 
35 -0.179862 
36 -0.200569 
37 -0.222085 
38 -0.242962 
39 -0.261328 
40 -0.274894 
41 -0.281257 
42 -0.278541 
43 -0.266004 
44 -0.244157 
45 -0.214382 
46 -0.178408 
47 -0.137761 
48 -0.093567 
49 -0.048076 
50 -0.698132 
