0 -1.876698 
1 0.633472 
2 0.655064 
3 0.278171 
4 0.173666 
5 0.124874 
6 0.092746 
7 0.069509 
8 0.051210 
9 0.035262 
10 0.019753 
11 0.003193 
12 -0.015555 
13 -0.037319 
14 -0.062744 
15 -0.092612 
16 -0.128520 
17 -0.174770 
18 -0.245353 
19 -0.380911 
20 -0.413980 
21 0.203311 
22 0.298424 
23 0.189393 
24 0.123086 
25 0.083449 
26 0.055272 
27 0.032790 
28 0.013619 
29 -0.003285 
30 -0.018218 
31 -0.030925 
32 -0.040708 
33 -0.046978 
34 -0.051187 
35 -0.055666 
36 -0.057838 
37 -0.056119 
38 -0.049371 
39 -0.036468 
40 -0.017104 
41 0.007301 
42 0.033700 
43 0.058730 
44 0.080041 
45 0.096703 
46 0.109268 
47 0.118801 
48 0.122288 
49 -1.747463 
