0 1.570796 
1 1.452222 
2 1.266595 
3 1.179983 
4 1.140742 
5 1.121390 
6 1.114997 
7 1.118018 
8 1.128061 
9 1.143339 
10 1.162375 
11 1.183805 
12 1.206235 
13 1.228125 
14 1.247713 
15 1.262952 
16 1.271457 
17 1.270396 
18 1.256197 
19 1.223635 
20 1.162880 
21 1.063775 
22 0.954012 
23 0.869505 
24 0.807830 
25 0.759815 
26 0.720348 
27 0.686295 
28 0.655343 
29 0.625541 
30 0.595103 
31 0.562343 
32 0.525736 
33 0.484080 
34 0.436729 
35 0.383420 
36 0.323747 
37 0.257260 
38 0.183866 
39 0.104013 
40 0.018855 
41 -0.069637 
42 -0.158741 
43 -0.245294 
44 -0.326129 
45 -0.398476 
46 -0.460156 
47 -0.509580 
48 -0.545602 
49 -0.567597 
50 -0.694334 
