0.000000 0.000000 1.570796 
-0.698132 -0.122113 1.452222 
-0.462480 -0.089289 1.266595 
-0.218796 -0.084017 1.179983 
-0.115317 -0.098831 1.140742 
-0.050713 -0.125516 1.121390 
-0.004260 -0.147989 1.114997 
0.030242 -0.161189 1.118018 
0.056099 -0.167831 1.128061 
0.075149 -0.171082 1.143339 
0.088267 -0.174054 1.162375 
0.095615 -0.177256 1.183805 
0.096803 -0.179721 1.206235 
0.091016 -0.181391 1.228125 
0.077133 -0.182905 1.247713 
0.053793 -0.185026 1.262952 
0.019341 -0.188488 1.271457 
-0.028468 -0.193527 1.270396 
-0.093483 -0.200141 1.256197 
-0.184754 -0.207713 1.223635 
-0.326453 -0.229925 1.162880 
-0.480454 -0.069897 1.063775 
-0.404822 0.116866 0.954012 
-0.293808 0.107570 0.869505 
-0.223354 0.104384 0.807830 
-0.177566 0.101036 0.759815 
-0.146523 0.097409 0.720348 
-0.125962 0.093498 0.686295 
-0.113764 0.089420 0.655343 
-0.108698 0.085336 0.625541 
-0.109920 0.081433 0.595103 
-0.116697 0.077915 0.562343 
-0.128201 0.075003 0.525736 
-0.143344 0.072931 0.484080 
-0.160820 0.071893 0.436729 
-0.179862 0.071732 0.383420 
-0.200569 0.071927 0.323747 
-0.222085 0.072341 0.257260 
-0.242962 0.072967 0.183866 
-0.261328 0.073784 0.104013 
-0.274894 0.074741 0.018855 
-0.281257 0.075761 -0.069637 
-0.278541 0.076769 -0.158741 
-0.266004 0.077733 -0.245294 
-0.244157 0.078785 -0.326129 
-0.214382 0.080455 -0.398476 
-0.178408 0.082027 -0.460156 
-0.137761 0.076513 -0.509580 
-0.093567 0.058298 -0.545602 
-0.048076 0.002350 -0.567597 
-0.698132 -0.698132 -0.694334 
