0 12.000000 
1 12.000000 
2 14.789877 
3 16.000000 
4 16.000000 
5 16.000000 
6 16.000000 
7 16.000000 
8 16.000000 
9 16.000000 
10 16.000000 
11 16.000000 
12 16.000000 
13 16.000000 
14 16.000000 
15 16.000000 
16 16.000000 
17 16.000000 
18 16.000000 
19 16.000000 
20 16.000000 
21 16.000000 
22 16.000000 
23 16.000000 
24 15.869357 
25 15.601221 
26 15.216062 
27 14.743734 
28 14.218397 
29 13.676082 
30 13.153507 
31 12.687553 
32 12.315162 
33 12.073475 
34 12.000000 
35 12.000000 
36 12.000000 
37 12.000000 
38 12.000000 
39 12.000000 
40 12.000000 
41 12.000000 
42 12.000000 
43 12.000000 
44 12.000000 
45 12.000000 
46 12.000000 
47 12.000000 
48 12.000000 
49 12.000000 
50 12.000000 
