0 0.000000 
1 7.499670 
2 3.253018 
3 -0.000000 
4 0.000000 
5 0.000000 
6 0.000000 
7 0.000000 
8 0.000000 
9 0.000000 
10 0.000000 
11 -0.000000 
12 -0.000000 
13 0.000000 
14 0.000000 
15 -0.000000 
16 0.000000 
17 0.000000 
18 0.000000 
19 0.000000 
20 0.000000 
21 -0.000000 
22 -0.000000 
23 -0.351190 
24 -0.720796 
25 -1.035376 
26 -1.269697 
27 -1.412198 
28 -1.457835 
29 -1.404772 
30 -1.252565 
31 -1.001050 
32 -0.649696 
33 -0.197514 
34 0.000000 
35 -0.000000 
36 -0.000000 
37 -0.000000 
38 0.000000 
39 0.000000 
40 -0.000000 
41 -0.000000 
42 0.000000 
43 -0.000000 
44 -0.000000 
45 0.000000 
46 0.000000 
47 -0.000000 
48 -0.000000 
49 0.000000 
