5.000000 130.000000 30.000000 
5.779116 128.667406 29.899833 
6.612815 127.326088 29.698860 
7.529318 125.938707 29.489087 
8.518760 124.511383 29.264327 
9.572303 123.049181 29.026525 
10.681685 121.557156 28.777118 
11.839142 120.040236 28.517609 
13.037322 118.503190 28.249515 
14.269245 116.950605 27.974371 
15.528273 115.386877 27.693714 
16.808089 113.816207 27.409065 
18.102685 112.242602 27.121908 
19.406347 110.669874 26.833670 
20.714981 109.100036 26.545258 
22.026625 107.532700 26.256914 
23.339946 105.966887 25.967923 
24.653704 104.401703 25.677520 
25.966921 102.836197 25.386403 
27.278705 101.269495 25.095259 
28.588163 99.700859 24.804052 
29.894462 98.129605 24.512780 
31.196807 96.555127 24.221473 
32.493389 94.978166 23.930568 
33.781506 93.400682 23.640880 
35.058699 91.824478 23.353205 
36.322743 90.251210 23.068276 
37.571647 88.682392 22.786768 
38.803647 87.119399 22.509292 
40.017206 85.563475 22.236396 
41.211008 84.015734 21.968563 
42.383959 82.477166 21.706207 
43.535177 80.948640 21.449679 
44.663998 79.430912 21.199261 
45.769967 77.924625 20.955171 
46.852837 76.430314 20.717564 
47.912569 74.948413 20.486532 
48.949326 73.479253 20.262107 
49.963472 72.023072 20.044266 
50.955569 70.580013 19.832931 
51.926376 69.150131 19.627975 
52.876844 67.733394 19.429224 
53.808114 66.329687 19.236461 
54.721515 64.938816 19.049430 
55.618560 63.560512 18.867839 
56.500944 62.194430 18.691365 
57.370543 60.840158 18.519652 
58.229405 59.497217 18.352320 
59.079757 58.165065 18.188961 
59.923994 56.843105 18.029144 
60.764685 55.530683 17.872413 
61.604567 54.227100 17.718286 
62.446545 52.931612 17.566256 
63.293694 51.643440 17.415792 
64.149136 50.361960 17.266388 
65.015390 49.087673 17.117770 
65.894437 47.822097 16.969870 
66.788306 46.566870 16.822640 
67.699063 45.323773 16.676026 
68.628798 44.094745 16.529967 
69.579611 42.881896 16.384399 
70.553594 41.687529 16.239251 
71.552814 40.514159 16.094447 
72.579288 39.364529 15.949908 
73.634957 38.241636 15.805552 
74.721661 37.148747 15.661292 
75.841097 36.089420 15.517044 
76.994782 35.067524 15.372722 
78.184007 34.087254 15.228243 
79.409782 33.153144 15.083530 
80.672772 32.270071 14.938513 
81.973230 31.443251 14.793136 
83.310914 30.678223 14.647359 
84.685002 29.980812 14.501165 
86.094003 29.357066 14.354566 
87.535655 28.813162 14.207606 
89.006840 28.355256 14.060378 
90.503509 27.989253 13.913021 
92.020639 27.720445 13.765736 
93.552281 27.552945 13.618778 
95.091769 27.488898 13.472453 
96.632187 27.527704 13.327090 
98.167026 27.665773 13.183001 
99.690762 27.897135 13.040443 
101.199107 28.214582 12.899599 
102.688943 28.610653 12.760575 
104.158136 29.078157 12.623417 
105.605365 29.610328 12.488124 
107.029992 30.200815 12.354659 
108.431967 30.843648 12.222963 
109.811745 31.533198 12.092953 
111.170214 32.264147 11.964535 
112.508632 33.031467 11.837600 
113.828572 33.830393 11.712033 
115.131866 34.656402 11.587714 
116.420564 35.505181 11.464515 
117.696890 36.372603 11.342301 
118.963203 37.254692 11.220835 
120.221865 38.147521 11.098280 
121.473412 39.045917 10.947683 
122.599822 39.880262 10.344316 
