0 1.004623 
1 -0.046508 
2 0.029159 
3 0.020623 
4 0.018061 
5 0.015386 
6 0.012998 
7 0.010725 
8 0.008490 
9 0.006323 
10 0.004265 
11 0.002255 
12 0.000447 
13 -0.000156 
14 -0.000361 
15 0.005267 
16 0.005444 
17 -0.000027 
18 0.000235 
19 0.000241 
20 0.000257 
21 0.000046 
22 -0.001183 
23 -0.002632 
24 -0.004035 
25 -0.005394 
26 -0.006702 
27 -0.007955 
28 -0.009146 
29 -0.010266 
30 -0.011308 
31 -0.012264 
32 -0.013127 
33 -0.013888 
34 -0.014542 
35 -0.015081 
36 -0.015501 
37 -0.015799 
38 -0.015970 
39 -0.016013 
40 -0.015927 
41 -0.015714 
42 -0.015374 
43 -0.014908 
44 -0.014320 
45 -0.013611 
46 -0.012785 
47 -0.011842 
48 -0.010786 
49 -0.009614 
50 -0.008328 
51 -0.006925 
52 -0.005434 
53 -0.004169 
54 -0.003733 
55 -0.003499 
56 -0.003241 
57 -0.002954 
58 -0.002638 
59 -0.002295 
60 -0.001928 
61 -0.001537 
62 -0.001129 
63 -0.000705 
64 -0.000273 
65 0.000160 
66 0.000586 
67 0.000992 
68 0.001365 
69 0.001686 
70 0.001935 
71 0.002086 
72 0.002111 
73 0.001975 
74 0.001641 
75 0.001068 
76 0.000219 
77 -0.000931 
78 -0.002367 
79 -0.004005 
80 -0.005670 
81 -0.007143 
82 -0.008260 
83 -0.008974 
84 -0.009335 
85 -0.009426 
86 -0.009320 
87 -0.009067 
88 -0.008703 
89 -0.008253 
90 -0.007738 
91 -0.007174 
92 -0.006576 
93 -0.005952 
94 -0.005307 
95 -0.004591 
96 -0.002926 
97 0.013868 
98 0.268167 
99 4.522411 
