0 0.000000 
1 0.129596 
2 0.123597 
3 0.127358 
4 0.130019 
5 0.132349 
6 0.134334 
7 0.136010 
8 0.137394 
9 0.138489 
10 0.139305 
11 0.139855 
12 0.140146 
13 0.140203 
14 0.140183 
15 0.140137 
16 0.140816 
17 0.141519 
18 0.141515 
19 0.141545 
20 0.141576 
21 0.141610 
22 0.141616 
23 0.141463 
24 0.141124 
25 0.140603 
26 0.139907 
27 0.139043 
28 0.138016 
29 0.136837 
30 0.135512 
31 0.134054 
32 0.132472 
33 0.130778 
34 0.128987 
35 0.127111 
36 0.125165 
37 0.123165 
38 0.121127 
39 0.119067 
40 0.117002 
41 0.114947 
42 0.112920 
43 0.110937 
44 0.109014 
45 0.107166 
46 0.105411 
47 0.103761 
48 0.102234 
49 0.100842 
50 0.099602 
51 0.098528 
52 0.097634 
53 0.096933 
54 0.096396 
55 0.095914 
56 0.095463 
57 0.095045 
58 0.094664 
59 0.094323 
60 0.094027 
61 0.093779 
62 0.093580 
63 0.093435 
64 0.093344 
65 0.093309 
66 0.093329 
67 0.093405 
68 0.093533 
69 0.093709 
70 0.093926 
71 0.094176 
72 0.094445 
73 0.094718 
74 0.094972 
75 0.095184 
76 0.095322 
77 0.095350 
78 0.095230 
79 0.094925 
80 0.094408 
81 0.093677 
82 0.092755 
83 0.091690 
84 0.090532 
85 0.089328 
86 0.088112 
87 0.086909 
88 0.085740 
89 0.084617 
90 0.083552 
91 0.082554 
92 0.081629 
93 0.080780 
94 0.080012 
95 0.079328 
96 0.078736 
97 0.078358 
98 0.080147 
99 0.114741 
100 0.698132 
