0 0.000000 
1 0.303472 
2 0.265862 
3 0.225132 
4 0.191911 
5 0.164227 
6 0.140608 
7 0.120084 
8 0.101980 
9 0.085808 
10 0.071205 
11 0.057891 
12 0.045649 
13 0.034292 
14 0.023646 
15 0.013615 
16 0.004301 
17 -0.003886 
18 -0.011411 
19 -0.018438 
20 -0.024978 
21 -0.031040 
22 -0.036635 
23 -0.041809 
24 -0.046578 
25 -0.050946 
26 -0.054909 
27 -0.058459 
28 -0.061584 
29 -0.064268 
30 -0.066492 
31 -0.068232 
32 -0.069465 
33 -0.070162 
34 -0.070296 
35 -0.069836 
36 -0.068751 
37 -0.067012 
38 -0.064588 
39 -0.061452 
40 -0.057578 
41 -0.052942 
42 -0.047524 
43 -0.041311 
44 -0.034290 
45 -0.026458 
46 -0.017816 
47 -0.008371 
48 0.001863 
49 0.012863 
50 0.024603 
51 0.037044 
52 0.050144 
53 0.063851 
54 0.078139 
55 0.093051 
56 0.108593 
57 0.124758 
58 0.141539 
59 0.158930 
60 0.176923 
61 0.195512 
62 0.214690 
63 0.234447 
64 0.254773 
65 0.275655 
66 0.297072 
67 0.318997 
68 0.341390 
69 0.364196 
70 0.387335 
71 0.410694 
72 0.434123 
73 0.457414 
74 0.480280 
75 0.502311 
76 0.522881 
77 0.540950 
78 0.554727 
79 0.561412 
80 0.557811 
81 0.542349 
82 0.516923 
83 0.485957 
84 0.453485 
85 0.421562 
86 0.390669 
87 0.360648 
88 0.331248 
89 0.302288 
90 0.273665 
91 0.245316 
92 0.217206 
93 0.189303 
94 0.161585 
95 0.134027 
96 0.106607 
97 0.079301 
98 0.052094 
99 0.025681 
100 0.698132 
