0 2.352494 
1 -0.291551 
2 -0.315737 
3 -0.257526 
4 -0.214604 
5 -0.183090 
6 -0.159103 
7 -0.140342 
8 -0.125361 
9 -0.113204 
10 -0.103208 
11 -0.094904 
12 -0.088032 
13 -0.082526 
14 -0.077762 
15 -0.072206 
16 -0.063463 
17 -0.058330 
18 -0.054472 
19 -0.050703 
20 -0.046988 
21 -0.043375 
22 -0.040105 
23 -0.036973 
24 -0.033860 
25 -0.030721 
26 -0.027521 
27 -0.024225 
28 -0.020806 
29 -0.017236 
30 -0.013492 
31 -0.009555 
32 -0.005407 
33 -0.001035 
34 0.003568 
35 0.008407 
36 0.013482 
37 0.018787 
38 0.024310 
39 0.030035 
40 0.035939 
41 0.041994 
42 0.048168 
43 0.054421 
44 0.060712 
45 0.066994 
46 0.073218 
47 0.079331 
48 0.085278 
49 0.091002 
50 0.096445 
51 0.101546 
52 0.106262 
53 0.110761 
54 0.115592 
55 0.120481 
56 0.125311 
57 0.130087 
58 0.134811 
59 0.139482 
60 0.144101 
61 0.148663 
62 0.153158 
63 0.157570 
64 0.161872 
65 0.166023 
66 0.169961 
67 0.173594 
68 0.176791 
69 0.179368 
70 0.181082 
71 0.181617 
72 0.180549 
73 0.177259 
74 0.170782 
75 0.159453 
76 0.140075 
77 0.106794 
78 0.051821 
79 -0.027914 
80 -0.119861 
81 -0.197100 
82 -0.240049 
83 -0.251716 
84 -0.247466 
85 -0.239483 
86 -0.232722 
87 -0.227908 
88 -0.224490 
89 -0.221889 
90 -0.219754 
91 -0.217914 
92 -0.216296 
93 -0.214870 
94 -0.213627 
95 -0.212562 
96 -0.211671 
97 -0.210911 
98 -0.204747 
99 5.212795 
