0 -1.047198 
1 -1.030628 
2 -1.000012 
3 -0.975110 
4 -0.954987 
5 -0.938502 
6 -0.924869 
7 -0.913536 
8 -0.904102 
9 -0.896268 
10 -0.889809 
11 -0.884551 
12 -0.880360 
13 -0.877134 
14 -0.874798 
15 -0.873295 
16 -0.872573 
17 -0.872556 
18 -0.873173 
19 -0.874376 
20 -0.876127 
21 -0.878386 
22 -0.881115 
23 -0.884282 
24 -0.887859 
25 -0.891823 
26 -0.896148 
27 -0.900812 
28 -0.905789 
29 -0.911053 
30 -0.916575 
31 -0.922326 
32 -0.928269 
33 -0.934368 
34 -0.940580 
35 -0.946856 
36 -0.953146 
37 -0.959389 
38 -0.965522 
39 -0.971475 
40 -0.977172 
41 -0.982531 
42 -0.987465 
43 -0.991882 
44 -0.995685 
45 -0.998775 
46 -1.001051 
47 -1.002409 
48 -1.002750 
49 -1.001972 
50 -0.999981 
51 -0.996688 
52 -0.992012 
53 -0.985882 
54 -0.978237 
55 -0.969013 
56 -0.958137 
57 -0.945537 
58 -0.931138 
59 -0.914865 
60 -0.896641 
61 -0.876388 
62 -0.854024 
63 -0.829468 
64 -0.802635 
65 -0.773436 
66 -0.741781 
67 -0.707578 
68 -0.670732 
69 -0.631150 
70 -0.588739 
71 -0.543412 
72 -0.495094 
73 -0.443724 
74 -0.389272 
75 -0.331753 
76 -0.271253 
77 -0.207988 
78 -0.142397 
79 -0.075290 
80 -0.007959 
81 0.057949 
82 0.120868 
83 0.179786 
84 0.234349 
85 0.284631 
86 0.330860 
87 0.373258 
88 0.412008 
89 0.447249 
90 0.479094 
91 0.507635 
92 0.532950 
93 0.555107 
94 0.574165 
95 0.590171 
96 0.603169 
97 0.613191 
98 0.620264 
99 0.624447 
100 0.667073 
