0.000000 0.000000 -1.047198 
0.303472 0.129596 -1.030628 
0.265862 0.123597 -1.000012 
0.225132 0.127358 -0.975110 
0.191911 0.130019 -0.954987 
0.164227 0.132349 -0.938502 
0.140608 0.134334 -0.924869 
0.120084 0.136010 -0.913536 
0.101980 0.137394 -0.904102 
0.085808 0.138489 -0.896268 
0.071205 0.139305 -0.889809 
0.057891 0.139855 -0.884551 
0.045649 0.140146 -0.880360 
0.034292 0.140203 -0.877134 
0.023646 0.140183 -0.874798 
0.013615 0.140137 -0.873295 
0.004301 0.140816 -0.872573 
-0.003886 0.141519 -0.872556 
-0.011411 0.141515 -0.873173 
-0.018438 0.141545 -0.874376 
-0.024978 0.141576 -0.876127 
-0.031040 0.141610 -0.878386 
-0.036635 0.141616 -0.881115 
-0.041809 0.141463 -0.884282 
-0.046578 0.141124 -0.887859 
-0.050946 0.140603 -0.891823 
-0.054909 0.139907 -0.896148 
-0.058459 0.139043 -0.900812 
-0.061584 0.138016 -0.905789 
-0.064268 0.136837 -0.911053 
-0.066492 0.135512 -0.916575 
-0.068232 0.134054 -0.922326 
-0.069465 0.132472 -0.928269 
-0.070162 0.130778 -0.934368 
-0.070296 0.128987 -0.940580 
-0.069836 0.127111 -0.946856 
-0.068751 0.125165 -0.953146 
-0.067012 0.123165 -0.959389 
-0.064588 0.121127 -0.965522 
-0.061452 0.119067 -0.971475 
-0.057578 0.117002 -0.977172 
-0.052942 0.114947 -0.982531 
-0.047524 0.112920 -0.987465 
-0.041311 0.110937 -0.991882 
-0.034290 0.109014 -0.995685 
-0.026458 0.107166 -0.998775 
-0.017816 0.105411 -1.001051 
-0.008371 0.103761 -1.002409 
0.001863 0.102234 -1.002750 
0.012863 0.100842 -1.001972 
0.024603 0.099602 -0.999981 
0.037044 0.098528 -0.996688 
0.050144 0.097634 -0.992012 
0.063851 0.096933 -0.985882 
0.078139 0.096396 -0.978237 
0.093051 0.095914 -0.969013 
0.108593 0.095463 -0.958137 
0.124758 0.095045 -0.945537 
0.141539 0.094664 -0.931138 
0.158930 0.094323 -0.914865 
0.176923 0.094027 -0.896641 
0.195512 0.093779 -0.876388 
0.214690 0.093580 -0.854024 
0.234447 0.093435 -0.829468 
0.254773 0.093344 -0.802635 
0.275655 0.093309 -0.773436 
0.297072 0.093329 -0.741781 
0.318997 0.093405 -0.707578 
0.341390 0.093533 -0.670732 
0.364196 0.093709 -0.631150 
0.387335 0.093926 -0.588739 
0.410694 0.094176 -0.543412 
0.434123 0.094445 -0.495094 
0.457414 0.094718 -0.443724 
0.480280 0.094972 -0.389272 
0.502311 0.095184 -0.331753 
0.522881 0.095322 -0.271253 
0.540950 0.095350 -0.207988 
0.554727 0.095230 -0.142397 
0.561412 0.094925 -0.075290 
0.557811 0.094408 -0.007959 
0.542349 0.093677 0.057949 
0.516923 0.092755 0.120868 
0.485957 0.091690 0.179786 
0.453485 0.090532 0.234349 
0.421562 0.089328 0.284631 
0.390669 0.088112 0.330860 
0.360648 0.086909 0.373258 
0.331248 0.085740 0.412008 
0.302288 0.084617 0.447249 
0.273665 0.083552 0.479094 
0.245316 0.082554 0.507635 
0.217206 0.081629 0.532950 
0.189303 0.080780 0.555107 
0.161585 0.080012 0.574165 
0.134027 0.079328 0.590171 
0.106607 0.078736 0.603169 
0.079301 0.078358 0.613191 
0.052094 0.080147 0.620264 
0.025681 0.114741 0.624447 
0.698132 0.698132 0.667073 
