0 12.000000 
1 12.000000 
2 12.683705 
3 13.300693 
4 13.850439 
5 14.333422 
6 14.750819 
7 15.104256 
8 15.395655 
9 15.627133 
10 15.800943 
11 15.919421 
12 15.984963 
13 16.000000 
14 16.000000 
15 16.000000 
16 16.000000 
17 16.000000 
18 16.000000 
19 16.000000 
20 16.000000 
21 16.000000 
22 15.999430 
23 15.972237 
24 15.920635 
25 15.846795 
26 15.752845 
27 15.640869 
28 15.512906 
29 15.370944 
30 15.216922 
31 15.052730 
32 14.880202 
33 14.701119 
34 14.517205 
35 14.330130 
36 14.141501 
37 13.952872 
38 13.765733 
39 13.581519 
40 13.401605 
41 13.227313 
42 13.059909 
43 12.900612 
44 12.750597 
45 12.610999 
46 12.482925 
47 12.367459 
48 12.265673 
49 12.178638 
50 12.107433 
51 12.053161 
52 12.016957 
53 12.000000 
54 12.000000 
55 12.000000 
56 12.000000 
57 12.000000 
58 12.000000 
59 12.000000 
60 12.000000 
61 12.000000 
62 12.000000 
63 12.000000 
64 12.000000 
65 12.000000 
66 12.000000 
67 12.000000 
68 12.000000 
69 12.000000 
70 12.000000 
71 12.000000 
72 12.000000 
73 12.000000 
74 12.000000 
75 12.000000 
76 12.000000 
77 12.000000 
78 12.000000 
79 12.000000 
80 12.000000 
81 12.000000 
82 12.000000 
83 12.000000 
84 12.000000 
85 12.000000 
86 12.000000 
87 12.000000 
88 12.000000 
89 12.000000 
90 12.000000 
91 12.000000 
92 12.000000 
93 12.000000 
94 12.000000 
95 12.000000 
96 12.000000 
97 12.000000 
98 12.000000 
99 12.000000 
100 12.000000 
