0 0.000000 
1 5.300037 
2 4.782858 
3 4.261596 
4 3.744050 
5 3.235635 
6 2.739824 
7 2.258905 
8 1.794409 
9 1.347358 
10 0.918435 
11 0.508080 
12 0.116566 
13 0.000000 
14 0.000000 
15 0.000000 
16 0.000000 
17 0.000000 
18 -0.000000 
19 0.000000 
20 -0.000000 
21 -0.004418 
22 -0.210795 
23 -0.400019 
24 -0.572407 
25 -0.728294 
26 -0.868026 
27 -0.991964 
28 -1.100482 
29 -1.193964 
30 -1.272809 
31 -1.337428 
32 -1.388242 
33 -1.425685 
34 -1.450199 
35 -1.462234 
36 -1.462245 
37 -1.450688 
38 -1.428017 
39 -1.394679 
40 -1.351104 
41 -1.297704 
42 -1.234859 
43 -1.162910 
44 -1.082152 
45 -0.992820 
46 -0.895085 
47 -0.789039 
48 -0.674694 
49 -0.551974 
50 -0.420713 
51 -0.280652 
52 -0.131450 
53 0.000000 
54 0.000000 
55 0.000000 
56 -0.000000 
57 -0.000000 
58 0.000000 
59 -0.000000 
60 -0.000000 
61 0.000000 
62 -0.000000 
63 -0.000000 
64 -0.000000 
65 -0.000000 
66 0.000000 
67 0.000000 
68 0.000000 
69 -0.000000 
70 0.000000 
71 0.000000 
72 -0.000000 
73 -0.000000 
74 0.000000 
75 0.000000 
76 0.000000 
77 -0.000000 
78 0.000000 
79 -0.000000 
80 -0.000000 
81 0.000000 
82 -0.000000 
83 0.000000 
84 0.000000 
85 0.000000 
86 -0.000000 
87 -0.000000 
88 -0.000000 
89 0.000000 
90 -0.000000 
91 0.000000 
92 0.000000 
93 -0.000000 
94 -0.000000 
95 -0.000000 
96 0.000000 
97 -0.000000 
98 0.000000 
99 -0.000000 
