-30.000000 -10.000000 30.000000 
-26.121857 -12.590920 30.337556 
-21.401581 -14.431135 30.948830 
-15.604737 -15.248138 31.131822 
-9.180891 -14.938181 30.600274 
-2.650283 -13.973321 29.808464 
3.657399 -12.723674 29.417644 
9.765995 -11.340286 29.640837 
15.798500 -9.868282 30.316393 
21.807510 -8.323016 31.215370 
27.797878 -6.698699 32.194182 
33.758145 -4.962919 33.189502 
39.665297 -3.053164 34.172116 
45.474756 -0.872442 35.113688 
51.117602 1.717446 35.910038 
56.505706 4.848162 36.407216 
61.584136 8.509475 36.643280 
66.382839 12.564087 36.811765 
70.971632 16.877899 36.997851 
75.419858 21.352969 37.194862 
79.787320 25.915609 37.398321 
84.124065 30.507908 37.605508 
88.471004 35.082748 37.813704 
92.835032 39.576269 38.018520 
97.190040 43.911736 38.216709 
101.508389 48.031917 38.407824 
105.766310 51.902298 38.591048 
109.948037 55.512578 38.762411 
114.045424 58.876089 38.919044 
118.055119 62.025819 39.062181 
121.979950 65.013348 39.194463 
125.828686 67.907321 39.319035 
129.616095 70.792922 39.439522 
133.342247 73.758238 39.558826 
136.967593 76.873214 39.678243 
140.423378 80.192417 39.798378 
143.625432 83.762138 39.919857 
146.474460 87.612347 40.043345 
148.860192 91.747716 40.169502 
150.670831 96.139914 40.298938 
151.807571 100.724589 40.432215 
152.201229 105.406202 40.569877 
151.825710 110.071507 40.712433 
150.703211 114.608644 40.860049 
148.899172 118.926056 41.011945 
146.509422 122.965715 41.166387 
143.644628 126.708091 41.322032 
140.416900 130.169893 41.477959 
136.930933 133.397768 41.619238 
133.280843 136.459958 41.592468 
129.770232 139.056791 39.937602 
