0 0.000000 
1 -0.144364 
2 -0.097079 
3 0.035325 
4 0.149196 
5 0.120361 
6 0.011963 
7 -0.082675 
8 -0.134140 
9 -0.154254 
10 -0.159667 
11 -0.159524 
12 -0.155596 
13 -0.146430 
14 -0.109080 
15 -0.050402 
16 -0.025277 
17 -0.028726 
18 -0.030925 
19 -0.032230 
20 -0.032993 
21 -0.033425 
22 -0.033323 
23 -0.032710 
24 -0.032220 
25 -0.032011 
26 -0.031842 
27 -0.030560 
28 -0.028950 
29 -0.027585 
30 -0.026513 
31 -0.025809 
32 -0.025514 
33 -0.025472 
34 -0.025562 
35 -0.025779 
36 -0.026136 
37 -0.026638 
38 -0.027277 
39 -0.028040 
40 -0.028918 
41 -0.029915 
42 -0.031011 
43 -0.032078 
44 -0.032840 
45 -0.033166 
46 -0.033355 
47 -0.033286 
48 -0.027093 
49 0.038528 
50 0.698132 
