0 -0.370165 
1 0.121244 
2 0.339498 
3 0.291978 
4 -0.073937 
5 -0.277944 
6 -0.242659 
7 -0.131963 
8 -0.051574 
9 -0.013880 
10 0.000367 
11 0.010073 
12 0.023501 
13 0.095769 
14 0.150458 
15 0.064421 
16 -0.008843 
17 -0.005639 
18 -0.003345 
19 -0.001957 
20 -0.001107 
21 0.000263 
22 0.001570 
23 0.001258 
24 0.000534 
25 0.000434 
26 0.003286 
27 0.004127 
28 0.003500 
29 0.002750 
30 0.001806 
31 0.000756 
32 0.000107 
33 -0.000231 
34 -0.000556 
35 -0.000917 
36 -0.001286 
37 -0.001638 
38 -0.001957 
39 -0.002253 
40 -0.002554 
41 -0.002811 
42 -0.002736 
43 -0.001956 
44 -0.000834 
45 -0.000485 
46 0.000177 
47 0.015878 
48 0.168261 
49 1.691290 
