0 0.000000 
1 0.698132 
2 0.698132 
3 0.698132 
4 0.347535 
5 0.184063 
6 0.106764 
7 0.064907 
8 0.047384 
9 0.050294 
10 0.072630 
11 0.115503 
12 0.182704 
13 0.282175 
14 0.394881 
15 0.406670 
16 0.308964 
17 0.212551 
18 0.136966 
19 0.075899 
20 0.026125 
21 -0.013963 
22 -0.045293 
23 -0.068808 
24 -0.085046 
25 -0.094087 
26 -0.095546 
27 -0.088809 
28 -0.073946 
29 -0.050990 
30 -0.020020 
31 0.018386 
32 0.063031 
33 0.112806 
34 0.166928 
35 0.224191 
36 0.282725 
37 0.339851 
38 0.392025 
39 0.435080 
40 0.464837 
41 0.477963 
42 0.472738 
43 0.449387 
44 0.409853 
45 0.357140 
46 0.294570 
47 0.225194 
48 0.151497 
49 0.077134 
50 0.698132 
