0 1.790081 
1 0.000000 
2 -0.000000 
3 -0.898966 
4 -0.419160 
5 -0.198202 
6 -0.107325 
7 -0.044931 
8 0.007460 
9 0.057274 
10 0.109929 
11 0.172311 
12 0.255053 
13 0.288989 
14 0.030230 
15 -0.250529 
16 -0.247213 
17 -0.193807 
18 -0.156583 
19 -0.127626 
20 -0.102790 
21 -0.080334 
22 -0.060294 
23 -0.041637 
24 -0.023182 
25 -0.003739 
26 0.017274 
27 0.038108 
28 0.058862 
29 0.079410 
30 0.098479 
31 0.114474 
32 0.127626 
33 0.138776 
34 0.146828 
35 0.150087 
36 0.146477 
37 0.133780 
38 0.110396 
39 0.076300 
40 0.033657 
41 -0.013398 
42 -0.059873 
43 -0.101371 
44 -0.135160 
45 -0.160437 
46 -0.177888 
47 -0.188965 
48 -0.190675 
49 1.592302 
