0 -0.628319 
1 -0.504007 
2 -0.253662 
3 -0.034812 
4 0.109008 
5 0.175487 
6 0.211193 
7 0.232170 
8 0.245869 
9 0.257779 
10 0.272770 
11 0.295746 
12 0.332317 
13 0.389926 
14 0.475429 
15 0.577646 
16 0.667796 
17 0.732426 
18 0.775336 
19 0.801350 
20 0.813794 
21 0.815277 
22 0.808045 
23 0.793991 
24 0.774627 
25 0.751320 
26 0.725570 
27 0.699448 
28 0.675478 
29 0.656309 
30 0.644877 
31 0.644243 
32 0.657132 
33 0.685568 
34 0.731197 
35 0.795545 
36 0.879750 
37 0.984259 
38 1.108433 
39 1.250120 
40 1.405395 
41 1.568654 
42 1.733170 
43 1.891972 
44 2.038738 
45 2.168408 
46 2.277391 
47 2.363423 
48 2.425245 
49 2.462543 
50 2.600631 
