0.000000 0.000000 -0.628319 
0.698132 -0.144364 -0.504007 
0.698132 -0.097079 -0.253662 
0.698132 0.035325 -0.034812 
0.347535 0.149196 0.109008 
0.184063 0.120361 0.175487 
0.106764 0.011963 0.211193 
0.064907 -0.082675 0.232170 
0.047384 -0.134140 0.245869 
0.050294 -0.154254 0.257779 
0.072630 -0.159667 0.272770 
0.115503 -0.159524 0.295746 
0.182704 -0.155596 0.332317 
0.282175 -0.146430 0.389926 
0.394881 -0.109080 0.475429 
0.406670 -0.050402 0.577646 
0.308964 -0.025277 0.667796 
0.212551 -0.028726 0.732426 
0.136966 -0.030925 0.775336 
0.075899 -0.032230 0.801350 
0.026125 -0.032993 0.813794 
-0.013963 -0.033425 0.815277 
-0.045293 -0.033323 0.808045 
-0.068808 -0.032710 0.793991 
-0.085046 -0.032220 0.774627 
-0.094087 -0.032011 0.751320 
-0.095546 -0.031842 0.725570 
-0.088809 -0.030560 0.699448 
-0.073946 -0.028950 0.675478 
-0.050990 -0.027585 0.656309 
-0.020020 -0.026513 0.644877 
0.018386 -0.025809 0.644243 
0.063031 -0.025514 0.657132 
0.112806 -0.025472 0.685568 
0.166928 -0.025562 0.731197 
0.224191 -0.025779 0.795545 
0.282725 -0.026136 0.879750 
0.339851 -0.026638 0.984259 
0.392025 -0.027277 1.108433 
0.435080 -0.028040 1.250120 
0.464837 -0.028918 1.405395 
0.477963 -0.029915 1.568654 
0.472738 -0.031011 1.733170 
0.449387 -0.032078 1.891972 
0.409853 -0.032840 2.038738 
0.357140 -0.033166 2.168408 
0.294570 -0.033355 2.277391 
0.225194 -0.033286 2.363423 
0.151497 -0.027093 2.425245 
0.077134 0.038528 2.462543 
0.698132 0.698132 2.600631 
