0 12.000000 
1 12.000000 
2 14.204629 
3 15.723618 
4 16.000000 
5 16.000000 
6 16.000000 
7 16.000000 
8 16.000000 
9 16.000000 
10 16.000000 
11 16.000000 
12 16.000000 
13 16.000000 
14 16.000000 
15 16.000000 
16 16.000000 
17 16.000000 
18 16.000000 
19 16.000000 
20 16.000000 
21 16.000000 
22 16.000000 
23 15.815892 
24 15.463722 
25 14.993105 
26 14.448958 
27 13.873861 
28 13.310679 
29 12.801062 
30 12.385390 
31 12.104186 
32 12.000000 
33 12.000000 
34 12.000000 
35 12.000000 
36 12.000000 
37 12.000000 
38 12.000000 
39 12.000000 
40 12.000000 
41 12.000000 
42 12.000000 
43 12.000000 
44 12.000000 
45 12.000000 
46 12.000000 
47 12.000000 
48 12.000000 
49 12.000000 
50 12.000000 
