0 0.000000 
1 5.652894 
2 3.894845 
3 0.708671 
4 -0.000000 
5 -0.000000 
6 -0.000000 
7 0.000000 
8 -0.000000 
9 0.000000 
10 -0.000000 
11 -0.000000 
12 -0.000000 
13 -0.000000 
14 -0.000000 
15 -0.000000 
16 0.000000 
17 -0.000000 
18 0.000000 
19 -0.000000 
20 -0.000000 
21 0.000000 
22 -0.472071 
23 -0.903000 
24 -1.206711 
25 -1.395249 
26 -1.474606 
27 -1.444058 
28 -1.306709 
29 -1.065826 
30 -0.721036 
31 -0.267144 
32 -0.000000 
33 0.000000 
34 -0.000000 
35 -0.000000 
36 0.000000 
37 0.000000 
38 -0.000000 
39 0.000000 
40 -0.000000 
41 0.000000 
42 0.000000 
43 0.000000 
44 -0.000000 
45 0.000000 
46 0.000000 
47 -0.000000 
48 0.000000 
49 -0.000000 
