5.000000 130.000000 30.000000 
7.665308 128.049906 29.783620 
10.413638 125.971509 29.333963 
13.356852 123.679898 28.839124 
16.442909 121.229010 28.295357 
19.627899 118.666568 27.716445 
22.873788 116.035556 27.114589 
26.148350 113.374331 26.501313 
29.424969 110.716818 25.887112 
32.682433 108.092702 25.281232 
35.904739 105.527604 24.691475 
39.080901 103.043263 24.124037 
42.204774 100.657699 23.583392 
45.274881 98.385377 23.072229 
48.294250 96.237344 22.591445 
51.270257 94.221370 22.140207 
54.214445 92.342048 21.716073 
57.142340 90.600876 21.315140 
60.073219 88.996287 20.932205 
63.029890 87.523640 20.561073 
66.033668 86.177539 20.196122 
69.091134 84.957135 19.835084 
72.196739 83.863589 19.478354 
75.344006 82.894569 19.126624 
78.525979 82.043985 18.780590 
81.735705 81.301911 18.440876 
84.966644 80.654684 18.107992 
88.212948 80.085159 17.782283 
91.469563 79.573048 17.463903 
94.732121 79.095290 17.152801 
97.996640 78.626405 16.848733 
101.259019 78.138815 16.551274 
104.514366 77.603152 16.259849 
107.756159 76.988564 15.973778 
110.975280 76.263123 15.692340 
114.158948 75.394349 15.415017 
117.289021 74.347912 15.143438 
120.333123 73.073472 14.875437 
123.215565 71.471218 14.600013 
125.791429 69.417515 14.306925 
127.931679 66.916190 13.993280 
129.551636 64.052222 13.662892 
130.591962 60.931432 13.325037 
131.014458 57.668545 12.992167 
130.803171 54.383490 12.676836 
129.965114 51.197582 12.388322 
128.554171 48.216751 12.129362 
126.729597 45.464890 11.894981 
124.663288 42.886930 11.672632 
122.467258 40.423993 11.392870 
120.356468 38.286768 10.121035 
