0 0.474098 
1 -0.007769 
2 0.022804 
3 0.015205 
4 0.010717 
5 0.006540 
6 0.002678 
7 -0.000940 
8 -0.004321 
9 -0.007422 
10 -0.010158 
11 -0.012417 
12 -0.014070 
13 -0.014991 
14 -0.015070 
15 -0.014228 
16 -0.012425 
17 -0.009673 
18 -0.006383 
19 -0.004243 
20 -0.004368 
21 -0.005113 
22 -0.005894 
23 -0.006634 
24 -0.007271 
25 -0.007749 
26 -0.008027 
27 -0.008083 
28 -0.007916 
29 -0.007539 
30 -0.006980 
31 -0.006277 
32 -0.005482 
33 -0.004692 
34 -0.004343 
35 -0.008269 
36 0.000416 
37 0.015880 
38 0.022909 
39 0.022261 
40 0.014543 
41 0.001879 
42 -0.012841 
43 -0.025720 
44 -0.033195 
45 -0.031691 
46 -0.022235 
47 -0.004154 
48 0.130164 
49 2.157952 
