0 0.000000 
1 0.130851 
2 0.128707 
3 0.135001 
4 0.139197 
5 0.142155 
6 0.143960 
7 0.144699 
8 0.144440 
9 0.143247 
10 0.141199 
11 0.138395 
12 0.134968 
13 0.131084 
14 0.126947 
15 0.122787 
16 0.118860 
17 0.115431 
18 0.112762 
19 0.111000 
20 0.109829 
21 0.108623 
22 0.107212 
23 0.105586 
24 0.103755 
25 0.101748 
26 0.099609 
27 0.097394 
28 0.095163 
29 0.092978 
30 0.090897 
31 0.088971 
32 0.087238 
33 0.085725 
34 0.084430 
35 0.083232 
36 0.080950 
37 0.081064 
38 0.085447 
39 0.091770 
40 0.097914 
41 0.101928 
42 0.102446 
43 0.098902 
44 0.091804 
45 0.082642 
46 0.073895 
47 0.067758 
48 0.066612 
49 0.102537 
50 0.698132 
