0 0.000000 
1 -0.087291 
2 -0.066399 
3 -0.048431 
4 -0.033387 
5 -0.019903 
6 -0.007128 
7 0.005507 
8 0.018400 
9 0.031833 
10 0.045995 
11 0.060987 
12 0.076813 
13 0.093350 
14 0.110315 
15 0.127223 
16 0.143347 
17 0.157705 
18 0.169110 
19 0.176432 
20 0.179306 
21 0.178041 
22 0.172443 
23 0.162284 
24 0.147515 
25 0.128256 
26 0.104758 
27 0.077362 
28 0.046448 
29 0.012405 
30 -0.024393 
31 -0.063587 
32 -0.104829 
33 -0.147751 
34 -0.191921 
35 -0.237107 
36 -0.297775 
37 -0.432720 
38 -0.650755 
39 -0.698132 
40 -0.698132 
41 -0.698132 
42 -0.698132 
43 -0.698132 
44 -0.698132 
45 -0.698132 
46 -0.567067 
47 -0.360979 
48 -0.219147 
49 -0.105382 
50 -0.698132 
