0 -0.316271 
1 0.075693 
2 0.065101 
3 0.054509 
4 0.048855 
5 0.046287 
6 0.045779 
7 0.046713 
8 0.048669 
9 0.051312 
10 0.054322 
11 0.057340 
12 0.059915 
13 0.061468 
14 0.061261 
15 0.058420 
16 0.052022 
17 0.041321 
18 0.026530 
19 0.010415 
20 -0.004586 
21 -0.020281 
22 -0.036807 
23 -0.053511 
24 -0.069781 
25 -0.085136 
26 -0.099262 
27 -0.112008 
28 -0.123346 
29 -0.133323 
30 -0.142007 
31 -0.149428 
32 -0.155516 
33 -0.160036 
34 -0.163717 
35 -0.219812 
36 -0.488932 
37 -0.789981 
38 -0.171654 
39 -0.000000 
40 0.000000 
41 0.000000 
42 0.000000 
43 -0.000000 
44 0.000000 
45 0.474874 
46 0.746692 
47 0.513887 
48 0.412189 
49 -2.147642 
