0 -0.628319 
1 -0.638370 
2 -0.655298 
3 -0.666958 
4 -0.674809 
5 -0.679733 
6 -0.682175 
7 -0.682321 
8 -0.680184 
9 -0.675654 
10 -0.668522 
11 -0.658500 
12 -0.645243 
13 -0.628374 
14 -0.607532 
15 -0.582429 
16 -0.552950 
17 -0.519259 
18 -0.481912 
19 -0.441920 
20 -0.400573 
21 -0.359035 
22 -0.318312 
23 -0.279454 
24 -0.243539 
25 -0.211622 
26 -0.184702 
27 -0.163699 
28 -0.149442 
29 -0.142671 
30 -0.144050 
31 -0.154175 
32 -0.173592 
33 -0.202798 
34 -0.242247 
35 -0.292364 
36 -0.355406 
37 -0.443512 
38 -0.582640 
39 -0.766546 
40 -0.959539 
41 -1.152532 
42 -1.345525 
43 -1.538518 
44 -1.731511 
45 -1.924504 
46 -2.093491 
47 -2.209113 
48 -2.277889 
49 -2.315583 
50 -2.416949 
