0.000000 0.000000 -0.628319 
-0.087291 0.130851 -0.638370 
-0.066399 0.128707 -0.655298 
-0.048431 0.135001 -0.666958 
-0.033387 0.139197 -0.674809 
-0.019903 0.142155 -0.679733 
-0.007128 0.143960 -0.682175 
0.005507 0.144699 -0.682321 
0.018400 0.144440 -0.680184 
0.031833 0.143247 -0.675654 
0.045995 0.141199 -0.668522 
0.060987 0.138395 -0.658500 
0.076813 0.134968 -0.645243 
0.093350 0.131084 -0.628374 
0.110315 0.126947 -0.607532 
0.127223 0.122787 -0.582429 
0.143347 0.118860 -0.552950 
0.157705 0.115431 -0.519259 
0.169110 0.112762 -0.481912 
0.176432 0.111000 -0.441920 
0.179306 0.109829 -0.400573 
0.178041 0.108623 -0.359035 
0.172443 0.107212 -0.318312 
0.162284 0.105586 -0.279454 
0.147515 0.103755 -0.243539 
0.128256 0.101748 -0.211622 
0.104758 0.099609 -0.184702 
0.077362 0.097394 -0.163699 
0.046448 0.095163 -0.149442 
0.012405 0.092978 -0.142671 
-0.024393 0.090897 -0.144050 
-0.063587 0.088971 -0.154175 
-0.104829 0.087238 -0.173592 
-0.147751 0.085725 -0.202798 
-0.191921 0.084430 -0.242247 
-0.237107 0.083232 -0.292364 
-0.297775 0.080950 -0.355406 
-0.432720 0.081064 -0.443512 
-0.650755 0.085447 -0.582640 
-0.698132 0.091770 -0.766546 
-0.698132 0.097914 -0.959539 
-0.698132 0.101928 -1.152532 
-0.698132 0.102446 -1.345525 
-0.698132 0.098902 -1.538518 
-0.698132 0.091804 -1.731511 
-0.698132 0.082642 -1.924504 
-0.567067 0.073895 -2.093491 
-0.360979 0.067758 -2.209113 
-0.219147 0.066612 -2.277889 
-0.105382 0.102537 -2.315583 
-0.698132 0.698132 -2.416949 
