0 12.000000 
1 12.000000 
2 13.181067 
3 14.085983 
4 14.741833 
5 15.175666 
6 15.414218 
7 15.483725 
8 15.409856 
9 15.217700 
10 14.931804 
11 14.576229 
12 14.174635 
13 13.750367 
14 13.326524 
15 12.925995 
16 12.571396 
17 12.284881 
18 12.087768 
19 12.000000 
20 12.000000 
21 12.000000 
22 12.000000 
23 12.000000 
24 12.000000 
25 12.000000 
26 12.000000 
27 12.000000 
28 12.000000 
29 12.000000 
30 12.000000 
31 12.000000 
32 12.000000 
33 12.000000 
34 12.000000 
35 12.000000 
36 12.000000 
37 12.000000 
38 12.000000 
39 12.000000 
40 12.000000 
41 12.000000 
42 12.000000 
43 12.000000 
44 12.000000 
45 12.000000 
46 12.000000 
47 12.000000 
48 12.000000 
49 12.000000 
50 12.000000 
