0 0.000000 
1 4.279228 
2 3.278682 
3 2.376267 
4 1.571858 
5 0.864318 
6 0.251838 
7 -0.267643 
8 -0.696216 
9 -1.035857 
10 -1.288314 
11 -1.455049 
12 -1.537205 
13 -1.535662 
14 -1.451193 
15 -1.284777 
16 -1.038097 
17 -0.714179 
18 -0.318000 
19 -0.000000 
20 -0.000000 
21 0.000000 
22 0.000000 
23 0.000000 
24 -0.000000 
25 -0.000000 
26 0.000000 
27 -0.000000 
28 -0.000000 
29 -0.000000 
30 0.000000 
31 0.000000 
32 0.000000 
33 0.000000 
34 0.000000 
35 -0.000000 
36 0.000000 
37 0.000000 
38 -0.000000 
39 -0.000000 
40 -0.000000 
41 0.000000 
42 -0.000000 
43 0.000000 
44 0.000000 
45 0.000000 
46 -0.000000 
47 -0.000000 
48 0.000000 
49 -0.000000 
