-30.000000 -10.000000 30.000000 
-28.224781 -8.701052 29.984793 
-26.332637 -7.269787 29.861305 
-24.227172 -5.630954 29.578930 
-21.988225 -3.853350 29.260058 
-19.702978 -2.012536 29.062093 
-17.426248 -0.158263 29.065691 
-15.167013 1.697605 29.243545 
-12.913886 3.560627 29.523659 
-10.663966 5.429966 29.842888 
-8.416901 7.303062 30.161736 
-6.172139 9.177822 30.460897 
-3.928615 11.052825 30.734009 
-1.685079 12.927007 30.981565 
0.559662 14.799414 31.206842 
2.806666 16.669105 31.413654 
5.056872 18.535136 31.605446 
7.311127 20.396563 31.785122 
9.570216 22.252444 31.955096 
11.834873 24.101843 32.117367 
14.105799 25.943827 32.273620 
16.383666 27.777465 32.425323 
18.669121 29.601826 32.573773 
20.962789 31.415984 32.720059 
23.265281 33.219018 32.865014 
25.577190 35.010013 33.009189 
27.899090 36.788069 33.152896 
30.231532 38.552300 33.296270 
32.575036 40.301835 33.439325 
34.930082 42.035829 33.582005 
37.297106 43.753470 33.724238 
39.676491 45.453983 33.865967 
42.068558 47.136649 34.007180 
44.473558 48.800814 34.147909 
46.891668 50.445904 34.288203 
49.322984 52.071446 34.428089 
51.767513 53.677084 34.567569 
54.225163 55.262597 34.706642 
56.695742 56.827921 34.845315 
59.178950 58.373168 34.983585 
61.674372 59.898650 35.121435 
64.181475 61.404896 35.258845 
66.699604 62.892675 35.395803 
69.227981 64.363012 35.532341 
71.762484 65.815192 35.665533 
74.296148 67.246057 35.792097 
76.823221 68.650898 35.914064 
79.338947 70.024813 36.033458 
81.839329 71.363619 36.149767 
84.320938 72.663892 36.262634 
86.780880 73.922959 36.371775 
89.216774 75.138883 36.476981 
91.626719 76.310454 36.578113 
94.009266 77.437181 36.675100 
96.363394 78.519273 36.767934 
98.688480 79.557633 36.856665 
100.984272 80.553845 36.941392 
103.250871 81.510157 37.022259 
105.488699 82.429470 37.099448 
107.698481 83.315321 37.173169 
109.881218 84.171868 37.243659 
112.038168 85.003876 37.311174 
114.170818 85.816701 37.375987 
116.280865 86.616283 37.438381 
118.370185 87.409138 37.498651 
120.440815 88.202358 37.557101 
122.494913 89.003617 37.614047 
124.534737 89.821183 37.669800 
126.561932 90.663685 37.724618 
128.575124 91.539145 37.778627 
130.570228 92.455085 37.831875 
132.542430 93.419347 37.884410 
134.486005 94.440061 37.936286 
136.394119 95.525588 37.987565 
138.258573 96.684453 38.038315 
140.069482 97.925256 38.088610 
141.814870 99.256563 38.138530 
143.480092 100.686763 38.188160 
145.046967 102.223935 38.237592 
146.492222 103.875777 38.286919 
147.784209 105.649777 38.336236 
148.878554 107.551692 38.385623 
149.728426 109.574512 38.435085 
150.313218 111.689261 38.484496 
150.623358 113.861353 38.533636 
150.653774 116.055276 38.582236 
150.403964 118.235161 38.630012 
149.878008 120.365367 38.676677 
149.084497 122.411064 38.721968 
148.042322 124.342242 38.765703 
146.796606 126.149365 38.807848 
145.397650 127.841065 38.848490 
143.881613 129.428943 38.887755 
142.273733 130.923926 38.925764 
140.593238 132.336934 38.962630 
138.855626 133.679197 38.998460 
137.073785 134.962262 39.033359 
135.258697 136.197923 39.067491 
133.419958 137.398128 39.102234 
131.566738 138.574502 39.166774 
129.844536 139.611766 39.947461 
