0 0.076444 
1 0.422435 
2 0.206904 
3 -0.135382 
4 -0.380464 
5 -0.391634 
6 -0.260685 
7 -0.120923 
8 -0.024982 
9 0.026412 
10 0.047041 
11 0.050139 
12 0.045195 
13 0.037922 
14 0.030975 
15 0.025071 
16 0.020151 
17 0.016070 
18 0.012685 
19 0.009786 
20 0.007207 
21 0.004947 
22 0.003130 
23 0.001846 
24 0.001066 
25 0.000680 
26 0.000566 
27 0.000627 
28 0.000770 
29 0.000906 
30 0.000974 
31 0.000952 
32 0.000857 
33 0.000770 
34 0.000753 
35 0.000764 
36 0.000754 
37 0.000744 
38 0.000762 
39 0.000806 
40 0.000837 
41 0.000853 
42 0.000703 
43 0.011123 
44 0.011782 
45 0.002508 
46 0.003287 
47 0.003730 
48 0.004136 
49 0.004494 
50 0.004797 
51 0.005042 
52 0.005227 
53 0.005348 
54 0.005406 
55 0.005402 
56 0.005339 
57 0.005219 
58 0.005046 
59 0.004825 
60 0.004559 
61 0.004254 
62 0.003913 
63 0.003538 
64 0.003131 
65 0.002701 
66 0.002300 
67 0.002071 
68 0.001953 
69 0.001840 
70 0.001711 
71 0.001566 
72 0.001406 
73 0.001229 
74 0.001037 
75 0.000830 
76 0.000610 
77 0.000379 
78 0.000141 
79 -0.000092 
80 -0.000256 
81 -0.000115 
82 0.000363 
83 0.000992 
84 0.001691 
85 0.002414 
86 0.003115 
87 0.003724 
88 0.004022 
89 0.003896 
90 0.003584 
91 0.003271 
92 0.002980 
93 0.002708 
94 0.002450 
95 0.002183 
96 0.001640 
97 -0.004688 
98 -0.143648 
99 -3.582476 
