0 0.000000 
1 0.013989 
2 0.091295 
3 0.129158 
4 0.104383 
5 0.034758 
6 -0.036911 
7 -0.084616 
8 -0.106745 
9 -0.111317 
10 -0.106483 
11 -0.097875 
12 -0.088700 
13 -0.080429 
14 -0.073489 
15 -0.067821 
16 -0.063233 
17 -0.059545 
18 -0.056604 
19 -0.054283 
20 -0.052492 
21 -0.051173 
22 -0.050268 
23 -0.049695 
24 -0.049357 
25 -0.049162 
26 -0.049037 
27 -0.048934 
28 -0.048819 
29 -0.048678 
30 -0.048512 
31 -0.048334 
32 -0.048160 
33 -0.048003 
34 -0.047862 
35 -0.047724 
36 -0.047585 
37 -0.047447 
38 -0.047310 
39 -0.047171 
40 -0.047023 
41 -0.046870 
42 -0.046714 
43 -0.046585 
44 -0.044550 
45 -0.042394 
46 -0.041935 
47 -0.041333 
48 -0.040651 
49 -0.039894 
50 -0.039071 
51 -0.038194 
52 -0.037271 
53 -0.036314 
54 -0.035336 
55 -0.034346 
56 -0.033358 
57 -0.032381 
58 -0.031426 
59 -0.030502 
60 -0.029619 
61 -0.028785 
62 -0.028006 
63 -0.027290 
64 -0.026643 
65 -0.026070 
66 -0.025576 
67 -0.025155 
68 -0.024776 
69 -0.024418 
70 -0.024082 
71 -0.023769 
72 -0.023482 
73 -0.023225 
74 -0.023000 
75 -0.022810 
76 -0.022658 
77 -0.022546 
78 -0.022477 
79 -0.022451 
80 -0.022468 
81 -0.022515 
82 -0.022536 
83 -0.022469 
84 -0.022288 
85 -0.021978 
86 -0.021537 
87 -0.020967 
88 -0.020285 
89 -0.019549 
90 -0.018836 
91 -0.018180 
92 -0.017582 
93 -0.017037 
94 -0.016541 
95 -0.016093 
96 -0.015693 
97 -0.015393 
98 -0.016251 
99 -0.042539 
100 -0.698132 
