0 0.000000 
1 0.132389 
2 0.100899 
3 0.076487 
4 0.059235 
5 0.046410 
6 0.036412 
7 0.027928 
8 0.020516 
9 0.013972 
10 0.008131 
11 0.002855 
12 -0.001968 
13 -0.006431 
14 -0.010609 
15 -0.014565 
16 -0.018349 
17 -0.022002 
18 -0.025554 
19 -0.029031 
20 -0.032449 
21 -0.035820 
22 -0.039148 
23 -0.042434 
24 -0.045671 
25 -0.048848 
26 -0.051949 
27 -0.054953 
28 -0.057834 
29 -0.060561 
30 -0.063098 
31 -0.065405 
32 -0.067438 
33 -0.069146 
34 -0.070479 
35 -0.071379 
36 -0.071789 
37 -0.071649 
38 -0.070896 
39 -0.069469 
40 -0.067307 
41 -0.064349 
42 -0.060546 
43 -0.055891 
44 -0.052718 
45 -0.057942 
46 -0.064660 
47 -0.070538 
48 -0.075532 
49 -0.079591 
50 -0.082647 
51 -0.084625 
52 -0.085443 
53 -0.085014 
54 -0.083252 
55 -0.080074 
56 -0.075401 
57 -0.069169 
58 -0.061323 
59 -0.051824 
60 -0.040650 
61 -0.027797 
62 -0.013276 
63 0.002881 
64 0.020629 
65 0.039905 
66 0.060632 
67 0.082745 
68 0.106294 
69 0.131382 
70 0.158091 
71 0.186524 
72 0.216826 
73 0.249202 
74 0.283946 
75 0.321497 
76 0.362547 
77 0.408286 
78 0.460982 
79 0.525608 
80 0.612960 
81 0.698132 
82 0.698132 
83 0.698132 
84 0.698132 
85 0.698132 
86 0.698132 
87 0.698132 
88 0.698132 
89 0.623867 
90 0.515061 
91 0.434013 
92 0.370437 
93 0.315223 
94 0.264592 
95 0.216815 
96 0.170950 
97 0.126408 
98 0.082770 
99 0.040815 
100 0.698132 
