0 0.723438 
1 -0.172078 
2 -0.133399 
3 -0.094272 
4 -0.070082 
5 -0.054637 
6 -0.046357 
7 -0.040505 
8 -0.035757 
9 -0.031919 
10 -0.028831 
11 -0.026356 
12 -0.024387 
13 -0.022833 
14 -0.021617 
15 -0.020677 
16 -0.019958 
17 -0.019413 
18 -0.018999 
19 -0.018679 
20 -0.018420 
21 -0.018188 
22 -0.017953 
23 -0.017687 
24 -0.017361 
25 -0.016946 
26 -0.016416 
27 -0.015744 
28 -0.014902 
29 -0.013865 
30 -0.012607 
31 -0.011105 
32 -0.009337 
33 -0.007281 
34 -0.004921 
35 -0.002242 
36 0.000768 
37 0.004113 
38 0.007797 
39 0.011816 
40 0.016163 
41 0.020782 
42 0.025436 
43 0.017342 
44 -0.028550 
45 -0.036711 
46 -0.032117 
47 -0.027294 
48 -0.022177 
49 -0.016700 
50 -0.010810 
51 -0.004469 
52 0.002343 
53 0.009628 
54 0.017369 
55 0.025530 
56 0.034056 
57 0.042876 
58 0.051908 
59 0.061059 
60 0.070237 
61 0.079345 
62 0.088290 
63 0.096983 
64 0.105336 
65 0.113262 
66 0.120834 
67 0.128687 
68 0.137091 
69 0.145951 
70 0.155372 
71 0.165585 
72 0.176917 
73 0.189857 
74 0.205197 
75 0.224322 
76 0.249935 
77 0.287960 
78 0.353144 
79 0.477337 
80 0.465417 
81 -0.000000 
82 -0.000000 
83 0.000000 
84 0.000000 
85 -0.000000 
86 0.000000 
87 -0.000000 
88 -0.405816 
89 -0.594570 
90 -0.442887 
91 -0.347407 
92 -0.301719 
93 -0.276668 
94 -0.261080 
95 -0.250625 
96 -0.243400 
97 -0.238458 
98 -0.229261 
99 3.591893 
