0 0.628319 
1 0.638443 
2 0.655251 
3 0.666721 
4 0.674904 
5 0.681029 
6 0.685768 
7 0.689449 
8 0.692220 
9 0.694192 
10 0.695456 
11 0.696085 
12 0.696135 
13 0.695655 
14 0.694680 
15 0.693241 
16 0.691358 
17 0.689050 
18 0.686330 
19 0.683208 
20 0.679691 
21 0.675785 
22 0.671496 
23 0.666828 
24 0.661786 
25 0.656377 
26 0.650608 
27 0.644488 
28 0.638032 
29 0.631253 
30 0.624172 
31 0.616813 
32 0.609205 
33 0.601382 
34 0.593384 
35 0.585258 
36 0.577057 
37 0.568840 
38 0.560674 
39 0.552634 
40 0.544800 
41 0.537260 
42 0.530108 
43 0.523442 
44 0.517216 
45 0.510848 
46 0.503744 
47 0.495841 
48 0.487209 
49 0.477926 
50 0.468081 
51 0.457777 
52 0.447133 
53 0.436285 
54 0.425392 
55 0.414637 
56 0.404221 
57 0.394371 
58 0.385334 
59 0.377373 
60 0.370771 
61 0.365816 
62 0.362806 
63 0.362037 
64 0.363800 
65 0.368373 
66 0.376014 
67 0.386955 
68 0.401413 
69 0.419622 
70 0.441851 
71 0.468393 
72 0.499575 
73 0.535770 
74 0.577418 
75 0.625053 
76 0.679354 
77 0.741236 
78 0.812052 
79 0.894072 
80 0.991724 
81 1.109071 
82 1.237027 
83 1.364990 
84 1.492953 
85 1.620915 
86 1.748878 
87 1.876841 
88 2.004803 
89 2.123491 
90 2.221259 
91 2.299649 
92 2.364549 
93 2.418995 
94 2.464498 
95 2.501938 
96 2.531887 
97 2.554733 
98 2.570744 
99 2.580180 
100 2.641917 
