0.000000 0.000000 0.628319 
0.132389 0.013989 0.638443 
0.100899 0.091295 0.655251 
0.076487 0.129158 0.666721 
0.059235 0.104383 0.674904 
0.046410 0.034758 0.681029 
0.036412 -0.036911 0.685768 
0.027928 -0.084616 0.689449 
0.020516 -0.106745 0.692220 
0.013972 -0.111317 0.694192 
0.008131 -0.106483 0.695456 
0.002855 -0.097875 0.696085 
-0.001968 -0.088700 0.696135 
-0.006431 -0.080429 0.695655 
-0.010609 -0.073489 0.694680 
-0.014565 -0.067821 0.693241 
-0.018349 -0.063233 0.691358 
-0.022002 -0.059545 0.689050 
-0.025554 -0.056604 0.686330 
-0.029031 -0.054283 0.683208 
-0.032449 -0.052492 0.679691 
-0.035820 -0.051173 0.675785 
-0.039148 -0.050268 0.671496 
-0.042434 -0.049695 0.666828 
-0.045671 -0.049357 0.661786 
-0.048848 -0.049162 0.656377 
-0.051949 -0.049037 0.650608 
-0.054953 -0.048934 0.644488 
-0.057834 -0.048819 0.638032 
-0.060561 -0.048678 0.631253 
-0.063098 -0.048512 0.624172 
-0.065405 -0.048334 0.616813 
-0.067438 -0.048160 0.609205 
-0.069146 -0.048003 0.601382 
-0.070479 -0.047862 0.593384 
-0.071379 -0.047724 0.585258 
-0.071789 -0.047585 0.577057 
-0.071649 -0.047447 0.568840 
-0.070896 -0.047310 0.560674 
-0.069469 -0.047171 0.552634 
-0.067307 -0.047023 0.544800 
-0.064349 -0.046870 0.537260 
-0.060546 -0.046714 0.530108 
-0.055891 -0.046585 0.523442 
-0.052718 -0.044550 0.517216 
-0.057942 -0.042394 0.510848 
-0.064660 -0.041935 0.503744 
-0.070538 -0.041333 0.495841 
-0.075532 -0.040651 0.487209 
-0.079591 -0.039894 0.477926 
-0.082647 -0.039071 0.468081 
-0.084625 -0.038194 0.457777 
-0.085443 -0.037271 0.447133 
-0.085014 -0.036314 0.436285 
-0.083252 -0.035336 0.425392 
-0.080074 -0.034346 0.414637 
-0.075401 -0.033358 0.404221 
-0.069169 -0.032381 0.394371 
-0.061323 -0.031426 0.385334 
-0.051824 -0.030502 0.377373 
-0.040650 -0.029619 0.370771 
-0.027797 -0.028785 0.365816 
-0.013276 -0.028006 0.362806 
0.002881 -0.027290 0.362037 
0.020629 -0.026643 0.363800 
0.039905 -0.026070 0.368373 
0.060632 -0.025576 0.376014 
0.082745 -0.025155 0.386955 
0.106294 -0.024776 0.401413 
0.131382 -0.024418 0.419622 
0.158091 -0.024082 0.441851 
0.186524 -0.023769 0.468393 
0.216826 -0.023482 0.499575 
0.249202 -0.023225 0.535770 
0.283946 -0.023000 0.577418 
0.321497 -0.022810 0.625053 
0.362547 -0.022658 0.679354 
0.408286 -0.022546 0.741236 
0.460982 -0.022477 0.812052 
0.525608 -0.022451 0.894072 
0.612960 -0.022468 0.991724 
0.698132 -0.022515 1.109071 
0.698132 -0.022536 1.237027 
0.698132 -0.022469 1.364990 
0.698132 -0.022288 1.492953 
0.698132 -0.021978 1.620915 
0.698132 -0.021537 1.748878 
0.698132 -0.020967 1.876841 
0.698132 -0.020285 2.004803 
0.623867 -0.019549 2.123491 
0.515061 -0.018836 2.221259 
0.434013 -0.018180 2.299649 
0.370437 -0.017582 2.364549 
0.315223 -0.017037 2.418995 
0.264592 -0.016541 2.464498 
0.216815 -0.016093 2.501938 
0.170950 -0.015693 2.531887 
0.126408 -0.015393 2.554733 
0.082770 -0.016251 2.570744 
0.040815 -0.042539 2.580180 
0.698132 -0.698132 2.641917 
