0 12.000000 
1 12.000000 
2 13.625002 
3 14.825490 
4 15.613279 
5 16.000000 
6 16.000000 
7 16.000000 
8 16.000000 
9 16.000000 
10 16.000000 
11 16.000000 
12 16.000000 
13 16.000000 
14 16.000000 
15 16.000000 
16 16.000000 
17 16.000000 
18 16.000000 
19 16.000000 
20 16.000000 
21 16.000000 
22 16.000000 
23 16.000000 
24 16.000000 
25 16.000000 
26 16.000000 
27 16.000000 
28 16.000000 
29 16.000000 
30 16.000000 
31 16.000000 
32 16.000000 
33 16.000000 
34 16.000000 
35 16.000000 
36 16.000000 
37 16.000000 
38 16.000000 
39 16.000000 
40 16.000000 
41 16.000000 
42 16.000000 
43 16.000000 
44 15.957141 
45 15.873752 
46 15.753316 
47 15.601107 
48 15.422204 
49 15.221474 
50 15.003563 
51 14.772883 
52 14.533602 
53 14.289635 
54 14.044632 
55 13.801980 
56 13.564796 
57 13.335937 
58 13.118009 
59 12.913392 
60 12.724269 
61 12.552669 
62 12.400516 
63 12.269694 
64 12.162116 
65 12.079799 
66 12.024941 
67 12.000000 
68 12.000000 
69 12.000000 
70 12.000000 
71 12.000000 
72 12.000000 
73 12.000000 
74 12.000000 
75 12.000000 
76 12.000000 
77 12.000000 
78 12.000000 
79 12.000000 
80 12.000000 
81 12.000000 
82 12.000000 
83 12.000000 
84 12.000000 
85 12.000000 
86 12.000000 
87 12.000000 
88 12.000000 
89 12.000000 
90 12.000000 
91 12.000000 
92 12.000000 
93 12.000000 
94 12.000000 
95 12.000000 
96 12.000000 
97 12.000000 
98 12.000000 
99 12.000000 
100 12.000000 
