-30.000000 -10.000000 30.000000 
-26.462444 -7.400505 30.114125 
-22.608171 -4.420349 30.369161 
-18.241002 -0.922141 30.676134 
-13.717325 2.771833 31.006164 
-9.205737 6.493382 31.324379 
-4.698776 10.222450 31.625206 
-0.185755 13.946073 31.911736 
4.342757 17.652514 32.188062 
8.895218 21.330903 32.457471 
13.479039 24.971031 32.723972 
18.100367 28.563365 32.993082 
22.764006 32.099384 33.270309 
27.473639 35.571785 33.558778 
32.232117 38.974494 33.858008 
37.040863 42.303724 34.164490 
41.893767 45.555764 34.474724 
46.749718 48.709243 34.778067 
51.547775 51.733914 35.059468 
56.242701 54.611755 35.318246 
60.803471 57.338707 35.558635 
65.213210 59.925702 35.781606 
69.468232 62.397355 35.990201 
73.578598 64.790006 36.179961 
77.564293 67.133497 36.345181 
81.455195 69.425677 36.495401 
85.289453 71.656022 36.640341 
89.115225 73.824687 36.781503 
92.967898 75.931177 36.919663 
96.857912 77.968063 37.054739 
100.785878 79.931178 37.186433 
104.748670 81.823692 37.314461 
108.739862 83.656488 37.438575 
112.750147 85.448191 37.558572 
116.767225 87.225859 37.667681 
120.772263 89.030990 37.757991 
124.733753 90.928308 37.834237 
128.608214 92.995746 37.902992 
132.335649 95.316188 37.964793 
135.829778 97.973262 38.019733 
138.964844 101.043739 38.067975 
141.562894 104.578352 38.109282 
143.400165 108.562366 38.143165 
144.268579 112.870210 38.169352 
144.087257 117.277045 38.188089 
142.956266 121.558729 38.200118 
141.085826 125.585778 38.206714 
138.694349 129.332342 38.212385 
135.961102 132.837868 38.238075 
133.026121 136.171996 38.394543 
130.159780 139.040491 39.995076 
