0 -0.142025 
1 -0.001880 
2 -0.012156 
3 0.003299 
4 0.008440 
5 0.007807 
6 0.005558 
7 0.003988 
8 0.002492 
9 0.000244 
10 -0.002670 
11 -0.004915 
12 -0.005381 
13 -0.003809 
14 -0.001575 
15 -0.000755 
16 0.003076 
17 0.006676 
18 0.005139 
19 0.005320 
20 0.004393 
21 0.003019 
22 0.012097 
23 0.011837 
24 0.001644 
25 0.001601 
26 0.001660 
27 0.001827 
28 0.002012 
29 0.002197 
30 0.002366 
31 0.002507 
32 0.002617 
33 0.010933 
34 0.012463 
35 0.005039 
36 0.004284 
37 0.004369 
38 0.004170 
39 0.004163 
40 0.004466 
41 0.004771 
42 0.004805 
43 0.004464 
44 0.003881 
45 0.002879 
46 -0.001728 
47 -0.023179 
48 -0.139536 
49 -1.740356 
