0 0.000000 
1 -0.051981 
2 -0.052669 
3 -0.057118 
4 -0.055911 
5 -0.052822 
6 -0.049965 
7 -0.047930 
8 -0.046471 
9 -0.045558 
10 -0.045469 
11 -0.046446 
12 -0.048245 
13 -0.050215 
14 -0.051609 
15 -0.052185 
16 -0.052462 
17 -0.051336 
18 -0.048892 
19 -0.047011 
20 -0.045064 
21 -0.043457 
22 -0.042352 
23 -0.037924 
24 -0.033592 
25 -0.032990 
26 -0.032404 
27 -0.031797 
28 -0.031128 
29 -0.030391 
30 -0.029587 
31 -0.028721 
32 -0.027804 
33 -0.026846 
34 -0.022845 
35 -0.018283 
36 -0.016439 
37 -0.014871 
38 -0.013272 
39 -0.011746 
40 -0.010222 
41 -0.008588 
42 -0.006842 
43 -0.005083 
44 -0.003449 
45 -0.002029 
46 -0.000975 
47 -0.001608 
48 -0.010091 
49 -0.061161 
50 -0.698132 
