0 0.000000 
1 0.106217 
2 0.065708 
3 0.038721 
4 0.020613 
5 0.006245 
6 -0.006191 
7 -0.017376 
8 -0.027634 
9 -0.037050 
10 -0.045528 
11 -0.052827 
12 -0.058655 
13 -0.062887 
14 -0.065492 
15 -0.065940 
16 -0.063533 
17 -0.058521 
18 -0.053285 
19 -0.044984 
20 -0.032321 
21 -0.014923 
22 0.007283 
23 0.024160 
24 0.005986 
25 -0.017681 
26 -0.036815 
27 -0.051042 
28 -0.059883 
29 -0.062892 
30 -0.059756 
31 -0.050361 
32 -0.034799 
33 -0.013344 
34 0.018340 
35 0.074211 
36 0.140540 
37 0.213649 
38 0.294994 
39 0.386453 
40 0.487765 
41 0.589623 
42 0.666068 
43 0.683115 
44 0.629185 
45 0.527599 
46 0.410849 
47 0.297339 
48 0.191469 
49 0.094345 
50 0.698132 
