0 0.290210 
1 -0.110679 
2 -0.073736 
3 -0.049477 
4 -0.039255 
5 -0.033977 
6 -0.030561 
7 -0.028026 
8 -0.025729 
9 -0.023162 
10 -0.019943 
11 -0.015924 
12 -0.011565 
13 -0.007117 
14 -0.001223 
15 0.006576 
16 0.013695 
17 0.014305 
18 0.022681 
19 0.034599 
20 0.047534 
21 0.060674 
22 0.046112 
23 -0.049656 
24 -0.064664 
25 -0.052279 
26 -0.038872 
27 -0.024156 
28 -0.008219 
29 0.008567 
30 0.025669 
31 0.042521 
32 0.058619 
33 0.086568 
34 0.152654 
35 0.181228 
36 0.199749 
37 0.222255 
38 0.249887 
39 0.276811 
40 0.278300 
41 0.208864 
42 0.046576 
43 -0.147348 
44 -0.277559 
45 -0.318987 
46 -0.310137 
47 -0.289264 
48 -0.265364 
49 1.649689 
