0 0.628319 
1 0.644542 
2 0.668506 
3 0.681104 
4 0.687921 
5 0.690993 
6 0.691000 
7 0.688304 
8 0.683156 
9 0.675755 
10 0.666305 
11 0.655047 
12 0.642284 
13 0.628359 
14 0.613583 
15 0.598247 
16 0.582699 
17 0.567330 
18 0.552647 
19 0.539480 
20 0.529018 
21 0.522703 
22 0.522100 
23 0.527193 
24 0.531888 
25 0.530201 
26 0.521978 
27 0.508592 
28 0.491658 
29 0.472912 
30 0.454185 
31 0.437375 
32 0.424381 
33 0.417038 
34 0.417800 
35 0.431924 
36 0.464796 
37 0.519381 
38 0.598680 
39 0.706854 
40 0.849390 
41 1.031450 
42 1.251725 
43 1.493599 
44 1.726916 
45 1.925728 
46 2.080508 
47 2.193396 
48 2.269532 
49 2.313452 
50 2.445984 
