0.000000 0.000000 0.628319 
0.106217 -0.051981 0.644542 
0.065708 -0.052669 0.668506 
0.038721 -0.057118 0.681104 
0.020613 -0.055911 0.687921 
0.006245 -0.052822 0.690993 
-0.006191 -0.049965 0.691000 
-0.017376 -0.047930 0.688304 
-0.027634 -0.046471 0.683156 
-0.037050 -0.045558 0.675755 
-0.045528 -0.045469 0.666305 
-0.052827 -0.046446 0.655047 
-0.058655 -0.048245 0.642284 
-0.062887 -0.050215 0.628359 
-0.065492 -0.051609 0.613583 
-0.065940 -0.052185 0.598247 
-0.063533 -0.052462 0.582699 
-0.058521 -0.051336 0.567330 
-0.053285 -0.048892 0.552647 
-0.044984 -0.047011 0.539480 
-0.032321 -0.045064 0.529018 
-0.014923 -0.043457 0.522703 
0.007283 -0.042352 0.522100 
0.024160 -0.037924 0.527193 
0.005986 -0.033592 0.531888 
-0.017681 -0.032990 0.530201 
-0.036815 -0.032404 0.521978 
-0.051042 -0.031797 0.508592 
-0.059883 -0.031128 0.491658 
-0.062892 -0.030391 0.472912 
-0.059756 -0.029587 0.454185 
-0.050361 -0.028721 0.437375 
-0.034799 -0.027804 0.424381 
-0.013344 -0.026846 0.417038 
0.018340 -0.022845 0.417800 
0.074211 -0.018283 0.431924 
0.140540 -0.016439 0.464796 
0.213649 -0.014871 0.519381 
0.294994 -0.013272 0.598680 
0.386453 -0.011746 0.706854 
0.487765 -0.010222 0.849390 
0.589623 -0.008588 1.031450 
0.666068 -0.006842 1.251725 
0.683115 -0.005083 1.493599 
0.629185 -0.003449 1.726916 
0.527599 -0.002029 1.925728 
0.410849 -0.000975 2.080508 
0.297339 -0.001608 2.193396 
0.191469 -0.010091 2.269532 
0.094345 -0.061161 2.313452 
0.698132 -0.698132 2.445984 
