-30.000000 -10.000000 30.000000 
-29.832154 -5.540591 30.074654 
-28.590058 -0.573224 29.618293 
-25.749983 5.532619 28.047236 
-22.083053 11.870221 26.274285 
-18.583748 17.336273 25.362147 
-15.232995 22.278171 25.672148 
-11.794573 27.182982 26.762651 
-8.280463 32.125216 28.092043 
-4.767995 37.070866 29.383706 
-1.301655 42.015141 30.555235 
2.097684 46.971583 31.603260 
5.417488 51.952818 32.541930 
8.649500 56.966213 33.330487 
11.789793 62.021752 33.933854 
14.831304 67.131771 34.434319 
17.766825 72.301577 34.907907 
20.595955 77.529529 35.364088 
23.327901 82.808310 35.807314 
25.978582 88.116667 36.240499 
28.568855 93.413246 36.665769 
31.132576 98.652411 37.085112 
33.722353 103.796577 37.500737 
36.407834 108.818250 37.844688 
39.241439 113.679662 38.032292 
42.207485 118.330613 38.115292 
45.254820 122.750919 38.175945 
48.341331 126.945407 38.229963 
51.440480 130.921474 38.277191 
54.541884 134.687422 38.318220 
57.650493 138.252223 38.353718 
60.785952 141.625098 38.384404 
63.982107 144.814937 38.411019 
67.286610 147.829468 38.434267 
70.741545 150.657853 38.454584 
74.369359 153.261073 38.472055 
78.182623 155.584013 38.486611 
82.185885 157.560727 38.498131 
86.370209 159.115838 38.506441 
90.707076 160.169030 38.511305 
95.143392 160.644417 38.512427 
99.601209 160.485440 38.509485 
103.986426 159.671662 38.502182 
108.206799 158.228717 38.490305 
112.191932 156.223934 38.473755 
115.905408 153.750004 38.452529 
119.345738 150.906670 38.426721 
122.540110 147.788116 38.396896 
125.536188 144.477493 38.369725 
128.393964 141.047135 38.440904 
130.832421 137.764939 40.016053 
