0 -0.089684 
1 0.676453 
2 0.518101 
3 -0.307745 
4 -0.683236 
5 -0.505626 
6 -0.202350 
7 -0.016461 
8 0.050327 
9 0.059641 
10 0.053162 
11 0.046416 
12 0.089609 
13 0.077770 
14 0.015156 
15 0.009097 
16 0.006608 
17 0.005075 
18 0.003721 
19 0.002319 
20 0.000886 
21 -0.000326 
22 0.061961 
23 0.078841 
24 0.018859 
25 0.002177 
26 0.002741 
27 0.002631 
28 0.002508 
29 0.002355 
30 0.002173 
31 0.001971 
32 0.001783 
33 0.001703 
34 0.001725 
35 0.001785 
36 0.001871 
37 0.001994 
38 0.002157 
39 0.002350 
40 0.002546 
41 0.002706 
42 0.002802 
43 0.002828 
44 0.002803 
45 0.002716 
46 0.002122 
47 -0.005318 
48 -0.113144 
49 -1.777258 
