0 0.000000 
1 -0.033362 
2 0.218278 
3 0.411012 
4 0.296531 
5 0.042367 
6 -0.145726 
7 -0.221000 
8 -0.227124 
9 -0.208402 
10 -0.186215 
11 -0.166439 
12 -0.149173 
13 -0.115838 
14 -0.086908 
15 -0.081270 
16 -0.077886 
17 -0.075428 
18 -0.073540 
19 -0.072155 
20 -0.071293 
21 -0.070963 
22 -0.071084 
23 -0.048035 
24 -0.018706 
25 -0.011690 
26 -0.010881 
27 -0.009861 
28 -0.008882 
29 -0.007949 
30 -0.007073 
31 -0.006264 
32 -0.005531 
33 -0.004868 
34 -0.004235 
35 -0.003593 
36 -0.002929 
37 -0.002233 
38 -0.001491 
39 -0.000688 
40 0.000186 
41 0.001133 
42 0.002139 
43 0.003182 
44 0.004234 
45 0.005276 
46 0.006286 
47 0.007076 
48 0.005098 
49 -0.036992 
50 -0.698132 
