0 0.000000 
1 -0.698132 
2 -0.677251 
3 -0.315192 
4 -0.184764 
5 -0.115191 
6 -0.064757 
7 -0.026447 
8 0.003319 
9 0.026669 
10 0.044672 
11 0.057721 
12 0.065763 
13 0.071226 
14 0.081972 
15 0.089038 
16 0.088859 
17 0.080662 
18 0.063770 
19 0.037647 
20 0.001881 
21 -0.043931 
22 -0.100546 
23 -0.156907 
24 -0.166799 
25 -0.140979 
26 -0.116345 
27 -0.101224 
28 -0.094803 
29 -0.096413 
30 -0.105514 
31 -0.121477 
32 -0.143391 
33 -0.170171 
34 -0.201510 
35 -0.237524 
36 -0.277518 
37 -0.320124 
38 -0.363074 
39 -0.402633 
40 -0.433281 
41 -0.448571 
42 -0.443693 
43 -0.418129 
44 -0.375661 
45 -0.321781 
46 -0.261212 
47 -0.197083 
48 -0.131195 
49 -0.066144 
50 -0.698132 
