0 -1.876698 
1 0.056130 
2 0.973278 
3 0.350613 
4 0.187023 
5 0.135577 
6 0.102982 
7 0.080018 
8 0.062768 
9 0.048396 
10 0.035079 
11 0.021619 
12 0.014684 
13 0.028888 
14 0.018994 
15 -0.000481 
16 -0.022035 
17 -0.045408 
18 -0.070223 
19 -0.096146 
20 -0.123148 
21 -0.152192 
22 -0.151509 
23 -0.026590 
24 0.069409 
25 0.066220 
26 0.040648 
27 0.017260 
28 -0.004328 
29 -0.024466 
30 -0.042911 
31 -0.058907 
32 -0.071990 
33 -0.084245 
34 -0.096812 
35 -0.107510 
36 -0.114532 
37 -0.115458 
38 -0.106342 
39 -0.082387 
40 -0.041103 
41 0.013113 
42 0.068721 
43 0.114160 
44 0.144841 
45 0.162820 
46 0.172390 
47 0.177116 
48 0.174870 
49 -1.698892 
