0 1.570796 
1 1.452222 
2 1.219086 
3 1.081787 
4 1.021680 
5 0.986535 
6 0.965555 
7 0.954944 
8 0.952255 
9 0.955741 
10 0.964037 
11 0.975949 
12 0.990318 
13 1.006259 
14 1.024094 
15 1.044017 
16 1.064749 
17 1.084501 
18 1.101319 
19 1.113140 
20 1.117797 
21 1.112902 
22 1.095741 
23 1.064580 
24 1.024413 
25 0.985269 
26 0.951712 
27 0.922521 
28 0.895396 
29 0.868093 
30 0.838381 
31 0.804082 
32 0.763233 
33 0.714319 
34 0.656040 
35 0.586871 
36 0.505217 
37 0.409707 
38 0.299477 
39 0.174632 
40 0.036983 
41 -0.109240 
42 -0.257422 
43 -0.399861 
44 -0.529755 
45 -0.642458 
46 -0.735484 
47 -0.807808 
48 -0.859169 
49 -0.889867 
50 -1.019700 
