0.000000 0.000000 1.570796 
-0.698132 -0.033362 1.452222 
-0.677251 0.218278 1.219086 
-0.315192 0.411012 1.081787 
-0.184764 0.296531 1.021680 
-0.115191 0.042367 0.986535 
-0.064757 -0.145726 0.965555 
-0.026447 -0.221000 0.954944 
0.003319 -0.227124 0.952255 
0.026669 -0.208402 0.955741 
0.044672 -0.186215 0.964037 
0.057721 -0.166439 0.975949 
0.065763 -0.149173 0.990318 
0.071226 -0.115838 1.006259 
0.081972 -0.086908 1.024094 
0.089038 -0.081270 1.044017 
0.088859 -0.077886 1.064749 
0.080662 -0.075428 1.084501 
0.063770 -0.073540 1.101319 
0.037647 -0.072155 1.113140 
0.001881 -0.071293 1.117797 
-0.043931 -0.070963 1.112902 
-0.100546 -0.071084 1.095741 
-0.156907 -0.048035 1.064580 
-0.166799 -0.018706 1.024413 
-0.140979 -0.011690 0.985269 
-0.116345 -0.010881 0.951712 
-0.101224 -0.009861 0.922521 
-0.094803 -0.008882 0.895396 
-0.096413 -0.007949 0.868093 
-0.105514 -0.007073 0.838381 
-0.121477 -0.006264 0.804082 
-0.143391 -0.005531 0.763233 
-0.170171 -0.004868 0.714319 
-0.201510 -0.004235 0.656040 
-0.237524 -0.003593 0.586871 
-0.277518 -0.002929 0.505217 
-0.320124 -0.002233 0.409707 
-0.363074 -0.001491 0.299477 
-0.402633 -0.000688 0.174632 
-0.433281 0.000186 0.036983 
-0.448571 0.001133 -0.109240 
-0.443693 0.002139 -0.257422 
-0.418129 0.003182 -0.399861 
-0.375661 0.004234 -0.529755 
-0.321781 0.005276 -0.642458 
-0.261212 0.006286 -0.735484 
-0.197083 0.007076 -0.807808 
-0.131195 0.005098 -0.859169 
-0.066144 -0.036992 -0.889867 
-0.698132 -0.698132 -1.019700 
