0 12.000000 
1 12.000000 
2 14.297828 
3 15.686697 
4 16.000000 
5 16.000000 
6 16.000000 
7 16.000000 
8 16.000000 
9 16.000000 
10 16.000000 
11 16.000000 
12 16.000000 
13 16.000000 
14 16.000000 
15 16.000000 
16 16.000000 
17 16.000000 
18 16.000000 
19 15.946054 
20 15.800813 
21 15.605756 
22 15.402788 
23 15.238215 
24 15.002605 
25 14.635428 
26 14.219239 
27 13.775357 
28 13.327868 
29 12.902835 
30 12.527695 
31 12.231284 
32 12.044312 
33 12.000000 
34 12.000000 
35 12.000000 
36 12.000000 
37 12.000000 
38 12.000000 
39 12.000000 
40 12.000000 
41 12.000000 
42 12.000000 
43 12.000000 
44 12.000000 
45 12.000000 
46 12.000000 
47 12.000000 
48 12.000000 
49 12.000000 
50 12.000000 
