0 0.000000 
1 6.176956 
2 3.733520 
3 0.842212 
4 0.000000 
5 0.000000 
6 0.000000 
7 0.000000 
8 0.000000 
9 0.000000 
10 0.000000 
11 -0.000000 
12 -0.000000 
13 0.000000 
14 0.000000 
15 -0.000000 
16 0.000000 
17 -0.000000 
18 -0.145015 
19 -0.390433 
20 -0.524349 
21 -0.545613 
22 -0.442400 
23 -0.633361 
24 -0.987034 
25 -1.118786 
26 -1.193231 
27 -1.202930 
28 -1.142562 
29 -1.008440 
30 -0.796802 
31 -0.502613 
32 -0.119119 
33 -0.000000 
34 0.000000 
35 0.000000 
36 -0.000000 
37 -0.000000 
38 0.000000 
39 0.000000 
40 -0.000000 
41 -0.000000 
42 0.000000 
43 -0.000000 
44 -0.000000 
45 0.000000 
46 0.000000 
47 -0.000000 
48 -0.000000 
49 0.000000 
