5.000000 130.000000 30.000000 
5.234141 128.408621 30.021483 
5.386516 126.728048 30.069481 
5.459557 124.899589 30.107592 
5.471089 122.952992 30.098327 
5.435067 120.913421 30.013921 
5.362695 118.803292 29.840291 
5.264326 116.645495 29.580944 
5.150162 114.462783 29.254456 
5.030062 112.267314 28.883749 
4.913861 110.062604 28.489549 
4.812174 107.853378 28.092305 
4.736741 105.646566 27.718437 
4.700917 103.453378 27.406587 
4.721558 101.280679 27.201409 
4.821080 99.126807 26.986360 
5.015642 96.998573 26.609793 
5.295679 94.890668 26.220566 
5.648242 92.777393 26.032366 
6.070341 90.621798 26.079120 
6.554039 88.423029 26.274400 
7.079816 86.222496 26.501390 
7.632493 84.046112 26.694997 
8.205006 81.896626 26.838820 
8.793827 79.769488 26.936496 
9.396470 77.659925 26.995661 
10.010863 75.564129 27.023604 
10.635208 73.479192 27.026510 
11.267935 71.402912 27.009433 
11.907690 69.333596 26.976453 
12.553321 67.269935 26.930844 
13.203868 65.210901 26.875214 
13.858556 63.155693 26.811589 
14.516764 61.103714 26.741304 
15.177972 59.054710 26.664106 
15.841624 57.009112 26.576140 
16.507173 54.967959 26.469754 
17.174514 52.931599 26.339834 
17.844247 50.898723 26.191948 
18.517352 48.867209 26.041238 
19.194822 46.835249 25.902542 
19.877493 44.802071 25.781692 
20.565992 42.768318 25.674570 
21.260949 40.735491 25.572831 
21.963277 38.704974 25.469768 
22.674273 36.677709 25.362021 
23.395575 34.654420 25.248455 
24.129136 32.635853 25.128877 
24.877231 30.622899 25.003451 
25.642503 28.616660 24.872521 
26.428022 26.618509 24.736540 
27.237360 24.630162 24.596044 
28.074712 22.653779 24.451660 
28.945059 20.692107 24.304114 
29.854453 18.748730 24.154228 
30.810592 16.828535 24.002972 
31.824463 14.938929 23.851630 
32.914717 13.093277 23.701738 
34.108712 11.313910 23.554832 
35.421487 9.620139 23.412078 
36.850098 8.022321 23.273407 
38.385772 6.529886 23.136913 
40.016339 5.154175 22.999285 
41.728587 3.905580 22.856941 
43.510574 2.791636 22.706888 
45.352423 1.817225 22.549116 
47.241558 0.987380 22.327884 
49.164450 0.306116 21.985639 
51.126431 -0.230114 21.568111 
53.139368 -0.625031 21.109289 
55.206230 -0.877454 20.590789 
57.329822 -0.984456 20.002389 
59.514085 -0.941379 19.334994 
61.766160 -0.741414 18.581466 
64.092006 -0.374787 17.741892 
66.483288 0.169397 16.827491 
68.900298 0.895614 15.861342 
71.273193 1.790143 14.877188 
73.531188 2.808538 13.920854 
75.630260 3.886930 13.058515 
77.561033 4.976223 12.392467 
79.388985 6.080445 12.061925 
81.312857 7.303685 12.141856 
83.530585 8.781598 12.506743 
86.011918 10.515658 12.962055 
88.570729 12.384366 13.430053 
91.047657 14.261833 13.901243 
93.356424 16.062985 14.355578 
95.464228 17.739811 14.746694 
97.379130 19.279233 15.010846 
99.144681 20.704728 15.088243 
100.824546 22.066097 14.947391 
102.479393 23.417731 14.591480 
104.154641 24.804188 14.039812 
105.890326 26.268206 13.305085 
107.734285 27.864456 12.408830 
109.680820 29.589856 11.437837 
111.542037 31.228364 10.575472 
113.208184 32.651483 10.197086 
115.078942 34.337794 10.411781 
117.394027 36.609466 11.056632 
