0 0.000000 
1 -0.026730 
2 -0.030201 
3 -0.011721 
4 0.020958 
5 0.061782 
6 0.103902 
7 0.140174 
8 0.166341 
9 0.182428 
10 0.189042 
11 0.185642 
12 0.166969 
13 0.126573 
14 0.066010 
15 0.134823 
16 0.216624 
17 0.147066 
18 0.028378 
19 -0.077598 
20 -0.117773 
21 -0.108754 
22 -0.083836 
23 -0.059200 
24 -0.038458 
25 -0.021646 
26 -0.008196 
27 0.002513 
28 0.011022 
29 0.017772 
30 0.023119 
31 0.027360 
32 0.030764 
33 0.033725 
34 0.037356 
35 0.043962 
36 0.054816 
37 0.066201 
38 0.071748 
39 0.068867 
40 0.060463 
41 0.052082 
42 0.047546 
43 0.047032 
44 0.048821 
45 0.051469 
46 0.054320 
47 0.057140 
48 0.059828 
49 0.062319 
50 0.064573 
51 0.066556 
52 0.068220 
53 0.069519 
54 0.070413 
55 0.070801 
56 0.070494 
57 0.069444 
58 0.067702 
59 0.065557 
60 0.063851 
61 0.063550 
62 0.065284 
63 0.068822 
64 0.073773 
65 0.077512 
66 0.136487 
67 0.196224 
68 0.208391 
69 0.231681 
70 0.260191 
71 0.293480 
72 0.332828 
73 0.378067 
74 0.425407 
75 0.466438 
76 0.489605 
77 0.485795 
78 0.449921 
79 0.375863 
80 0.249295 
81 0.059172 
82 -0.160417 
83 -0.332502 
84 -0.415261 
85 -0.422748 
86 -0.382101 
87 -0.310024 
88 -0.214772 
89 -0.104197 
90 0.010681 
91 0.118568 
92 0.213890 
93 0.301267 
94 0.392015 
95 0.479246 
96 0.500969 
97 0.349923 
98 0.004185 
99 -0.308853 
100 -0.698132 
