0 -0.199474 
1 -0.025906 
2 0.137909 
3 0.243871 
4 0.304656 
5 0.314328 
6 0.270692 
7 0.195270 
8 0.120058 
9 0.049356 
10 -0.025371 
11 -0.139350 
12 -0.301469 
13 -0.451963 
14 0.513536 
15 0.610450 
16 -0.519087 
17 -0.885734 
18 -0.790862 
19 -0.299816 
20 0.067308 
21 0.185954 
22 0.183852 
23 0.154791 
24 0.125465 
25 0.100370 
26 0.079914 
27 0.063502 
28 0.050371 
29 0.039903 
30 0.031653 
31 0.025399 
32 0.022102 
33 0.027097 
34 0.049294 
35 0.081002 
36 0.084965 
37 0.041396 
38 -0.021503 
39 -0.062713 
40 -0.062551 
41 -0.033851 
42 -0.003833 
43 0.013355 
44 0.019761 
45 0.021270 
46 0.021047 
47 0.020056 
48 0.018591 
49 0.016826 
50 0.014799 
51 0.012419 
52 0.009692 
53 0.006669 
54 0.002897 
55 -0.002294 
56 -0.007833 
57 -0.013003 
58 -0.016009 
59 -0.012728 
60 -0.002246 
61 0.012938 
62 0.026408 
63 0.036946 
64 0.027898 
65 0.440117 
66 0.445797 
67 0.090802 
68 0.173806 
69 0.212761 
70 0.248425 
71 0.293639 
72 0.337607 
73 0.353282 
74 0.306204 
75 0.172886 
76 -0.028435 
77 -0.267714 
78 -0.552675 
79 -0.944534 
80 -1.418827 
81 -1.638728 
82 -1.284215 
83 -0.617605 
84 -0.055871 
85 0.303331 
86 0.537892 
87 0.710832 
88 0.825191 
89 0.857296 
90 0.805128 
91 0.711357 
92 0.652064 
93 0.677227 
94 0.650981 
95 0.162109 
96 -1.127208 
97 -2.580136 
98 -2.336105 
99 -2.905064 
