0 0.000000 
1 -0.574640 
2 -0.460429 
3 -0.336541 
4 -0.253371 
5 -0.189404 
6 -0.134372 
7 -0.083292 
8 -0.032778 
9 0.019682 
10 0.075938 
11 0.138232 
12 0.210189 
13 0.299298 
14 0.419428 
15 0.526717 
16 0.460273 
17 0.365172 
18 0.296835 
19 0.246160 
20 0.206238 
21 0.173582 
22 0.146291 
23 0.123237 
24 0.103663 
25 0.087013 
26 0.072859 
27 0.060862 
28 0.050748 
29 0.042294 
30 0.035317 
31 0.029668 
32 0.025224 
33 0.021891 
34 0.019595 
35 0.018282 
36 0.017921 
37 0.018496 
38 0.020012 
39 0.022488 
40 0.025962 
41 0.030488 
42 0.036144 
43 0.043031 
44 0.051274 
45 0.061031 
46 0.072495 
47 0.085906 
48 0.101569 
49 0.119873 
50 0.141333 
51 0.166656 
52 0.196859 
53 0.233546 
54 0.279633 
55 0.342163 
56 0.444136 
57 0.615836 
58 0.698132 
59 0.698132 
60 0.698132 
61 0.698132 
62 0.698132 
63 0.698132 
64 0.698132 
65 0.698132 
66 0.698132 
67 0.698132 
68 0.698132 
69 0.698132 
70 0.698132 
71 0.698132 
72 0.698132 
73 0.698132 
74 0.698132 
75 0.698132 
76 0.698132 
77 0.637691 
78 0.510685 
79 0.400360 
80 0.328472 
81 0.277543 
82 0.238234 
83 0.207573 
84 0.183159 
85 0.162601 
86 0.144291 
87 0.127427 
88 0.111682 
89 0.096970 
90 0.083329 
91 0.070826 
92 0.059483 
93 0.049253 
94 0.040059 
95 0.031824 
96 0.024384 
97 0.017343 
98 0.010562 
99 0.004750 
100 0.698132 
