0 -4.288362 
1 0.852326 
2 0.924538 
3 0.620671 
4 0.477365 
5 0.410686 
6 0.381196 
7 0.376965 
8 0.391494 
9 0.419822 
10 0.464882 
11 0.536992 
12 0.664995 
13 0.896493 
14 0.800659 
15 -0.495849 
16 -0.709711 
17 -0.509973 
18 -0.378172 
19 -0.297923 
20 -0.243708 
21 -0.203664 
22 -0.172043 
23 -0.146076 
24 -0.124255 
25 -0.105626 
26 -0.089529 
27 -0.075475 
28 -0.063088 
29 -0.052068 
30 -0.042163 
31 -0.033161 
32 -0.024874 
33 -0.017136 
34 -0.009793 
35 -0.002698 
36 0.004293 
37 0.011311 
38 0.018480 
39 0.025923 
40 0.033780 
41 0.042211 
42 0.051392 
43 0.061518 
44 0.072812 
45 0.085550 
46 0.100084 
47 0.116885 
48 0.136597 
49 0.160153 
50 0.188973 
51 0.225400 
52 0.273780 
53 0.343932 
54 0.466643 
55 0.760993 
56 1.281342 
57 0.614150 
58 -0.000000 
59 0.000000 
60 -0.000000 
61 0.000000 
62 -0.000000 
63 0.000000 
64 -0.000000 
65 -0.000000 
66 -0.000000 
67 0.000000 
68 0.000000 
69 -0.000000 
70 0.000000 
71 -0.000000 
72 -0.000000 
73 0.000000 
74 0.000000 
75 -0.000000 
76 -0.451053 
77 -0.947804 
78 -0.823319 
79 -0.536480 
80 -0.380065 
81 -0.293351 
82 -0.228815 
83 -0.182195 
84 -0.153414 
85 -0.136646 
86 -0.125848 
87 -0.117500 
88 -0.109791 
89 -0.101797 
90 -0.093306 
91 -0.084654 
92 -0.076340 
93 -0.068613 
94 -0.061454 
95 -0.055524 
96 -0.052545 
97 -0.050604 
98 -0.043371 
99 5.174489 
