0 -1.413717 
1 -1.447727 
2 -1.508486 
3 -1.549909 
4 -1.577957 
5 -1.597803 
6 -1.611770 
7 -1.620959 
8 -1.625822 
9 -1.626374 
10 -1.622378 
11 -1.613394 
12 -1.598678 
13 -1.576891 
14 -1.545423 
15 -1.502535 
16 -1.457487 
17 -1.420800 
18 -1.392019 
19 -1.368707 
20 -1.349432 
21 -1.333332 
22 -1.319821 
23 -1.308467 
24 -1.298926 
25 -1.290921 
26 -1.284217 
27 -1.278614 
28 -1.273940 
29 -1.270044 
30 -1.266792 
31 -1.264065 
32 -1.261757 
33 -1.259770 
34 -1.258014 
35 -1.256405 
36 -1.254864 
37 -1.253312 
38 -1.251672 
39 -1.249866 
40 -1.247815 
41 -1.245432 
42 -1.242628 
43 -1.239305 
44 -1.235352 
45 -1.230648 
46 -1.225057 
47 -1.218420 
48 -1.210556 
49 -1.201253 
50 -1.190257 
51 -1.177259 
52 -1.161866 
53 -1.143559 
54 -1.121593 
55 -1.094707 
56 -1.060023 
57 -1.011004 
58 -0.946466 
59 -0.876192 
60 -0.805917 
61 -0.735571 
62 -0.664963 
63 -0.593898 
64 -0.522262 
65 -0.450043 
66 -0.377334 
67 -0.304356 
68 -0.231387 
69 -0.158665 
70 -0.086342 
71 -0.014496 
72 0.056864 
73 0.127784 
74 0.198356 
75 0.268706 
76 0.338980 
77 0.404942 
78 0.458562 
79 0.498863 
80 0.530210 
81 0.555844 
82 0.577424 
83 0.595941 
84 0.612095 
85 0.626349 
86 0.638979 
87 0.650151 
88 0.659978 
89 0.668555 
90 0.675972 
91 0.682321 
92 0.687697 
93 0.692192 
94 0.695892 
95 0.698877 
96 0.701215 
97 0.702955 
98 0.704120 
99 0.704761 
100 0.737010 
