0.000000 0.000000 -1.413717 
-0.574640 -0.026730 -1.447727 
-0.460429 -0.030201 -1.508486 
-0.336541 -0.011721 -1.549909 
-0.253371 0.020958 -1.577957 
-0.189404 0.061782 -1.597803 
-0.134372 0.103902 -1.611770 
-0.083292 0.140174 -1.620959 
-0.032778 0.166341 -1.625822 
0.019682 0.182428 -1.626374 
0.075938 0.189042 -1.622378 
0.138232 0.185642 -1.613394 
0.210189 0.166969 -1.598678 
0.299298 0.126573 -1.576891 
0.419428 0.066010 -1.545423 
0.526717 0.134823 -1.502535 
0.460273 0.216624 -1.457487 
0.365172 0.147066 -1.420800 
0.296835 0.028378 -1.392019 
0.246160 -0.077598 -1.368707 
0.206238 -0.117773 -1.349432 
0.173582 -0.108754 -1.333332 
0.146291 -0.083836 -1.319821 
0.123237 -0.059200 -1.308467 
0.103663 -0.038458 -1.298926 
0.087013 -0.021646 -1.290921 
0.072859 -0.008196 -1.284217 
0.060862 0.002513 -1.278614 
0.050748 0.011022 -1.273940 
0.042294 0.017772 -1.270044 
0.035317 0.023119 -1.266792 
0.029668 0.027360 -1.264065 
0.025224 0.030764 -1.261757 
0.021891 0.033725 -1.259770 
0.019595 0.037356 -1.258014 
0.018282 0.043962 -1.256405 
0.017921 0.054816 -1.254864 
0.018496 0.066201 -1.253312 
0.020012 0.071748 -1.251672 
0.022488 0.068867 -1.249866 
0.025962 0.060463 -1.247815 
0.030488 0.052082 -1.245432 
0.036144 0.047546 -1.242628 
0.043031 0.047032 -1.239305 
0.051274 0.048821 -1.235352 
0.061031 0.051469 -1.230648 
0.072495 0.054320 -1.225057 
0.085906 0.057140 -1.218420 
0.101569 0.059828 -1.210556 
0.119873 0.062319 -1.201253 
0.141333 0.064573 -1.190257 
0.166656 0.066556 -1.177259 
0.196859 0.068220 -1.161866 
0.233546 0.069519 -1.143559 
0.279633 0.070413 -1.121593 
0.342163 0.070801 -1.094707 
0.444136 0.070494 -1.060023 
0.615836 0.069444 -1.011004 
0.698132 0.067702 -0.946466 
0.698132 0.065557 -0.876192 
0.698132 0.063851 -0.805917 
0.698132 0.063550 -0.735571 
0.698132 0.065284 -0.664963 
0.698132 0.068822 -0.593898 
0.698132 0.073773 -0.522262 
0.698132 0.077512 -0.450043 
0.698132 0.136487 -0.377334 
0.698132 0.196224 -0.304356 
0.698132 0.208391 -0.231387 
0.698132 0.231681 -0.158665 
0.698132 0.260191 -0.086342 
0.698132 0.293480 -0.014496 
0.698132 0.332828 0.056864 
0.698132 0.378067 0.127784 
0.698132 0.425407 0.198356 
0.698132 0.466438 0.268706 
0.698132 0.489605 0.338980 
0.637691 0.485795 0.404942 
0.510685 0.449921 0.458562 
0.400360 0.375863 0.498863 
0.328472 0.249295 0.530210 
0.277543 0.059172 0.555844 
0.238234 -0.160417 0.577424 
0.207573 -0.332502 0.595941 
0.183159 -0.415261 0.612095 
0.162601 -0.422748 0.626349 
0.144291 -0.382101 0.638979 
0.127427 -0.310024 0.650151 
0.111682 -0.214772 0.659978 
0.096970 -0.104197 0.668555 
0.083329 0.010681 0.675972 
0.070826 0.118568 0.682321 
0.059483 0.213890 0.687697 
0.049253 0.301267 0.692192 
0.040059 0.392015 0.695892 
0.031824 0.479246 0.698877 
0.024384 0.500969 0.701215 
0.017343 0.349923 0.702955 
0.010562 0.004185 0.704120 
0.004750 -0.308853 0.704761 
0.698132 -0.698132 0.737010 
