0 12.000000 
1 12.000000 
2 13.162432 
3 14.136994 
4 14.911975 
5 15.481959 
6 15.844780 
7 16.000000 
8 16.000000 
9 16.000000 
10 16.000000 
11 16.000000 
12 16.000000 
13 16.000000 
14 16.000000 
15 16.000000 
16 16.000000 
17 16.000000 
18 16.000000 
19 16.000000 
20 16.000000 
21 16.000000 
22 16.000000 
23 16.000000 
24 16.000000 
25 16.000000 
26 16.000000 
27 16.000000 
28 16.000000 
29 16.000000 
30 16.000000 
31 16.000000 
32 16.000000 
33 16.000000 
34 16.000000 
35 16.000000 
36 16.000000 
37 16.000000 
38 16.000000 
39 16.000000 
40 16.000000 
41 16.000000 
42 16.000000 
43 16.000000 
44 16.000000 
45 16.000000 
46 16.000000 
47 16.000000 
48 16.000000 
49 16.000000 
50 16.000000 
51 16.000000 
52 16.000000 
53 16.000000 
54 16.000000 
55 16.000000 
56 16.000000 
57 16.000000 
58 16.000000 
59 16.000000 
60 16.000000 
61 15.967142 
62 15.881193 
63 15.761607 
64 15.629683 
65 15.508261 
66 15.420705 
67 15.392909 
68 15.423555 
69 15.495700 
70 15.593400 
71 15.701827 
72 15.807559 
73 15.898855 
74 15.965789 
75 16.000000 
76 16.000000 
77 16.000000 
78 16.000000 
79 16.000000 
80 16.000000 
81 16.000000 
82 16.000000 
83 16.000000 
84 16.000000 
85 16.000000 
86 16.000000 
87 16.000000 
88 16.000000 
89 16.000000 
90 16.000000 
91 16.000000 
92 16.000000 
93 16.000000 
94 16.000000 
95 16.000000 
96 16.000000 
97 16.000000 
98 16.000000 
99 16.000000 
100 16.000000 
