5.000000 130.000000 30.000000 
7.742683 131.877552 29.770110 
10.869498 133.365084 29.313004 
14.509194 134.384007 28.847002 
18.522057 134.978461 28.357943 
22.772416 135.287572 27.848434 
27.150717 135.398766 27.324955 
31.567206 135.361741 26.798389 
35.981700 135.211017 26.275242 
40.392796 134.970664 25.756788 
44.799950 134.656494 25.244200 
49.202778 134.277197 24.738515 
53.600588 133.834874 24.240484 
57.992003 133.325286 23.750512 
62.374563 132.737875 23.268634 
66.744169 132.055564 22.794474 
71.094228 131.254258 22.327178 
75.400535 130.304745 21.866972 
79.617531 129.172116 21.416771 
83.691769 127.814229 20.953228 
87.579012 126.204541 20.456857 
91.267826 124.368902 19.960923 
94.761265 122.351498 19.491242 
98.061746 120.190811 19.045865 
101.172192 117.916269 18.623881 
104.096042 115.550082 18.224433 
106.837302 113.108351 17.846504 
109.400493 110.601742 17.488787 
111.790515 108.035910 17.149619 
114.012470 105.411809 16.826944 
116.071440 102.725931 16.518298 
117.972237 99.970504 16.220809 
119.719142 97.133670 15.931177 
121.310021 94.208467 15.646658 
122.734713 91.197960 15.365510 
123.981512 88.109301 15.086574 
125.039521 84.951455 14.809211 
125.898648 81.734950 14.532893 
126.550186 78.471700 14.257252 
126.987822 75.174689 13.982425 
127.208641 71.857360 13.708814 
127.214286 68.532608 13.436901 
127.011983 65.211625 13.167303 
126.614904 61.903127 12.900651 
126.041550 58.613438 12.637388 
125.314371 55.346689 12.377652 
124.458096 52.104443 12.121254 
123.498348 48.885575 11.867695 
122.460957 45.686534 11.618877 
121.371583 42.500540 11.402123 
120.057409 39.182603 10.162191 
