0 0.000000 
1 0.138043 
2 0.124309 
3 0.120878 
4 0.119051 
5 0.118949 
6 0.118969 
7 0.118350 
8 0.117423 
9 0.116226 
10 0.114767 
11 0.113102 
12 0.111304 
13 0.109455 
14 0.107643 
15 0.105965 
16 0.104539 
17 0.103440 
18 0.102111 
19 0.113136 
20 0.122072 
21 0.117957 
22 0.114473 
23 0.111156 
24 0.107923 
25 0.104737 
26 0.101594 
27 0.098519 
28 0.095553 
29 0.092756 
30 0.090197 
31 0.087956 
32 0.086121 
33 0.084788 
34 0.083979 
35 0.083439 
36 0.083034 
37 0.082810 
38 0.082625 
39 0.082320 
40 0.081893 
41 0.081298 
42 0.080499 
43 0.079525 
44 0.078461 
45 0.077403 
46 0.076453 
47 0.075695 
48 0.073601 
49 0.056437 
50 0.698132 
