0 0.496557 
1 -0.049402 
2 -0.012344 
3 -0.006571 
4 -0.000366 
5 0.000072 
6 -0.002227 
7 -0.003335 
8 -0.004304 
9 -0.005250 
10 -0.005991 
11 -0.006466 
12 -0.006650 
13 -0.006520 
14 -0.006036 
15 -0.005129 
16 -0.003953 
17 -0.004780 
18 0.039658 
19 0.032143 
20 -0.014801 
21 -0.012534 
22 -0.011931 
23 -0.011629 
24 -0.011462 
25 -0.011304 
26 -0.011063 
27 -0.010667 
28 -0.010062 
29 -0.009205 
30 -0.008061 
31 -0.006602 
32 -0.004797 
33 -0.002909 
34 -0.001943 
35 -0.001457 
36 -0.000804 
37 -0.000666 
38 -0.001097 
39 -0.001537 
40 -0.002141 
41 -0.002871 
42 -0.003505 
43 -0.003826 
44 -0.003806 
45 -0.003416 
46 -0.002727 
47 -0.007535 
48 -0.061739 
49 2.308254 
