0 0.000000 
1 -0.698132 
2 -0.698132 
3 -0.588089 
4 -0.363127 
5 -0.252369 
6 -0.188081 
7 -0.144926 
8 -0.114626 
9 -0.094485 
10 -0.083394 
11 -0.080775 
12 -0.086373 
13 -0.100189 
14 -0.122486 
15 -0.153897 
16 -0.195698 
17 -0.250726 
18 -0.324079 
19 -0.389860 
20 -0.362216 
21 -0.316352 
22 -0.281502 
23 -0.255791 
24 -0.237050 
25 -0.223929 
26 -0.215522 
27 -0.211153 
28 -0.210267 
29 -0.212350 
30 -0.216881 
31 -0.223290 
32 -0.230923 
33 -0.239024 
34 -0.246971 
35 -0.254944 
36 -0.262848 
37 -0.269958 
38 -0.275254 
39 -0.277975 
40 -0.276655 
41 -0.269363 
42 -0.254182 
43 -0.230634 
44 -0.200927 
45 -0.168501 
46 -0.135373 
47 -0.102023 
48 -0.068510 
49 -0.035641 
50 -0.698132 
