0 -2.511265 
1 0.000000 
2 0.395837 
3 0.809214 
4 0.398413 
5 0.231251 
6 0.155232 
7 0.108993 
8 0.072451 
9 0.039894 
10 0.009424 
11 -0.020137 
12 -0.049698 
13 -0.080206 
14 -0.112990 
15 -0.150365 
16 -0.197939 
17 -0.263863 
18 -0.236621 
19 0.099441 
20 0.164976 
21 0.125360 
22 0.092486 
23 0.067413 
24 0.047197 
25 0.030243 
26 0.015714 
27 0.003188 
28 -0.007493 
29 -0.016299 
30 -0.023052 
31 -0.027457 
32 -0.029142 
33 -0.028586 
34 -0.028680 
35 -0.028432 
36 -0.025575 
37 -0.019052 
38 -0.009787 
39 0.004747 
40 0.026230 
41 0.054608 
42 0.084707 
43 0.106860 
44 0.116638 
45 0.119166 
46 0.119964 
47 0.120551 
48 0.118236 
49 -2.383062 
