0 0.628319 
1 0.539707 
2 0.354165 
3 0.201682 
4 0.103483 
5 0.046113 
6 0.006860 
7 -0.022345 
8 -0.045023 
9 -0.063256 
10 -0.078751 
11 -0.093045 
12 -0.107599 
13 -0.123854 
14 -0.143279 
15 -0.167444 
16 -0.198129 
17 -0.237711 
18 -0.289800 
19 -0.356577 
20 -0.428576 
21 -0.494238 
22 -0.552767 
23 -0.606201 
24 -0.656142 
25 -0.703837 
26 -0.750322 
27 -0.796486 
28 -0.843102 
29 -0.890827 
30 -0.940178 
31 -0.991495 
32 -1.044881 
33 -1.100310 
34 -1.157736 
35 -1.217124 
36 -1.278457 
37 -1.341601 
38 -1.406195 
39 -1.471622 
40 -1.536954 
41 -1.600853 
42 -1.661634 
43 -1.717570 
44 -1.767293 
45 -1.809951 
46 -1.845117 
47 -1.872619 
48 -1.892379 
49 -1.904447 
50 -1.997570 
