0.000000 0.000000 0.628319 
-0.698132 0.138043 0.539707 
-0.698132 0.124309 0.354165 
-0.588089 0.120878 0.201682 
-0.363127 0.119051 0.103483 
-0.252369 0.118949 0.046113 
-0.188081 0.118969 0.006860 
-0.144926 0.118350 -0.022345 
-0.114626 0.117423 -0.045023 
-0.094485 0.116226 -0.063256 
-0.083394 0.114767 -0.078751 
-0.080775 0.113102 -0.093045 
-0.086373 0.111304 -0.107599 
-0.100189 0.109455 -0.123854 
-0.122486 0.107643 -0.143279 
-0.153897 0.105965 -0.167444 
-0.195698 0.104539 -0.198129 
-0.250726 0.103440 -0.237711 
-0.324079 0.102111 -0.289800 
-0.389860 0.113136 -0.356577 
-0.362216 0.122072 -0.428576 
-0.316352 0.117957 -0.494238 
-0.281502 0.114473 -0.552767 
-0.255791 0.111156 -0.606201 
-0.237050 0.107923 -0.656142 
-0.223929 0.104737 -0.703837 
-0.215522 0.101594 -0.750322 
-0.211153 0.098519 -0.796486 
-0.210267 0.095553 -0.843102 
-0.212350 0.092756 -0.890827 
-0.216881 0.090197 -0.940178 
-0.223290 0.087956 -0.991495 
-0.230923 0.086121 -1.044881 
-0.239024 0.084788 -1.100310 
-0.246971 0.083979 -1.157736 
-0.254944 0.083439 -1.217124 
-0.262848 0.083034 -1.278457 
-0.269958 0.082810 -1.341601 
-0.275254 0.082625 -1.406195 
-0.277975 0.082320 -1.471622 
-0.276655 0.081893 -1.536954 
-0.269363 0.081298 -1.600853 
-0.254182 0.080499 -1.661634 
-0.230634 0.079525 -1.717570 
-0.200927 0.078461 -1.767293 
-0.168501 0.077403 -1.809951 
-0.135373 0.076453 -1.845117 
-0.102023 0.075695 -1.872619 
-0.068510 0.073601 -1.892379 
-0.035641 0.056437 -1.904447 
-0.698132 0.698132 -1.997570 
