0 12.000000 
1 12.000000 
2 13.162540 
3 14.260750 
4 15.145867 
5 15.733766 
6 16.000000 
7 16.000000 
8 16.000000 
9 16.000000 
10 16.000000 
11 16.000000 
12 16.000000 
13 16.000000 
14 16.000000 
15 16.000000 
16 16.000000 
17 15.898535 
18 15.683711 
19 15.395964 
20 15.087063 
21 14.772621 
22 14.448144 
23 14.114071 
24 13.774786 
25 13.437316 
26 13.110504 
27 12.804492 
28 12.530386 
29 12.300068 
30 12.126071 
31 12.021508 
32 12.000000 
33 12.000000 
34 12.000000 
35 12.000000 
36 12.000000 
37 12.000000 
38 12.000000 
39 12.000000 
40 12.000000 
41 12.000000 
42 12.000000 
43 12.000000 
44 12.000000 
45 12.000000 
46 12.000000 
47 12.000000 
48 12.000000 
49 12.000000 
50 12.000000 
