0 0.000000 
1 4.181800 
2 3.950395 
3 3.183872 
4 2.114748 
5 0.957674 
6 -0.000000 
7 -0.000000 
8 -0.000000 
9 0.000000 
10 0.000000 
11 0.000000 
12 0.000000 
13 -0.000000 
14 -0.000000 
15 0.000000 
16 -0.364981 
17 -0.772749 
18 -1.035062 
19 -1.111155 
20 -1.131084 
21 -1.167185 
22 -1.201700 
23 -1.220451 
24 -1.213922 
25 -1.175580 
26 -1.100766 
27 -0.985991 
28 -0.828482 
29 -0.625888 
30 -0.376127 
31 -0.077367 
32 -0.000000 
33 -0.000000 
34 0.000000 
35 0.000000 
36 -0.000000 
37 -0.000000 
38 0.000000 
39 -0.000000 
40 0.000000 
41 -0.000000 
42 -0.000000 
43 0.000000 
44 -0.000000 
45 0.000000 
46 0.000000 
47 0.000000 
48 -0.000000 
49 -0.000000 
