5.000000 130.000000 30.000000 
8.303503 129.992733 29.794938 
11.785676 129.951860 29.366651 
15.611555 129.889087 28.891431 
19.691186 129.825890 28.367686 
23.943139 129.778600 27.813090 
28.291736 129.758327 27.243753 
32.670816 129.770973 26.674147 
37.050550 129.817437 26.111352 
41.430847 129.893885 25.556248 
45.811753 129.991652 25.009321 
50.193541 130.097099 24.470934 
54.576635 130.191407 23.941219 
58.961347 130.250244 23.420004 
63.344734 130.243121 22.907355 
67.707200 130.132423 22.405618 
72.016904 129.871447 21.917885 
76.243534 129.398929 21.444352 
80.354262 128.633640 20.974145 
84.311853 127.507122 20.499069 
88.093057 126.039568 20.030650 
91.692465 124.296577 19.581543 
95.109979 122.336770 19.153738 
98.345276 120.204425 18.745916 
101.398052 117.933390 18.357480 
104.268309 115.549875 17.987976 
106.956491 113.073882 17.636827 
109.463500 110.520021 17.303164 
111.790654 107.898032 16.985736 
113.939610 105.213170 16.682854 
115.912278 102.466502 16.392362 
117.710734 99.655189 16.111626 
119.337161 96.772739 15.837546 
120.792983 93.810698 15.566933 
122.074272 90.768952 15.298068 
123.172699 87.656389 15.030714 
124.080291 84.482827 14.764796 
124.790299 81.259278 14.499336 
125.300074 77.998060 14.233725 
125.614698 74.712112 13.969448 
125.743998 71.413410 13.707733 
125.700137 68.112198 13.448682 
125.497014 64.816679 13.192347 
125.149965 61.532927 12.938751 
124.675466 58.264891 12.687884 
124.090845 55.014494 12.439701 
123.414026 51.781796 12.194115 
122.663327 48.565230 11.950949 
121.857325 45.361987 11.708572 
121.015379 42.170990 11.430162 
120.156176 39.288696 10.170184 
