0 0.000000 
1 0.123989 
2 0.120812 
3 0.126242 
4 0.129067 
5 0.130312 
6 0.130054 
7 0.128641 
8 0.126943 
9 0.125129 
10 0.123211 
11 0.121231 
12 0.119255 
13 0.117355 
14 0.115489 
15 0.113446 
16 0.111507 
17 0.110225 
18 0.113682 
19 0.116129 
20 0.113749 
21 0.109850 
22 0.106438 
23 0.103250 
24 0.100188 
25 0.097214 
26 0.094331 
27 0.091573 
28 0.088996 
29 0.086672 
30 0.084687 
31 0.083133 
32 0.082093 
33 0.081503 
34 0.081034 
35 0.080588 
36 0.080164 
37 0.080310 
38 0.080256 
39 0.079501 
40 0.078704 
41 0.077888 
42 0.077059 
43 0.076228 
44 0.075406 
45 0.074604 
46 0.073833 
47 0.073138 
48 0.073356 
49 0.094969 
50 0.698132 
