0 0.449234 
1 -0.011510 
2 0.019674 
3 0.010237 
4 0.004508 
5 -0.000934 
6 -0.005120 
7 -0.006149 
8 -0.006572 
9 -0.006950 
10 -0.007173 
11 -0.007163 
12 -0.006884 
13 -0.006761 
14 -0.007402 
15 -0.007024 
16 -0.004646 
17 0.012525 
18 0.008865 
19 -0.008622 
20 -0.014126 
21 -0.012364 
22 -0.011549 
23 -0.011095 
24 -0.010777 
25 -0.010446 
26 -0.009993 
27 -0.009337 
28 -0.008419 
29 -0.007193 
30 -0.005630 
31 -0.003769 
32 -0.002135 
33 -0.001701 
34 -0.001617 
35 -0.001534 
36 0.000528 
37 -0.000195 
38 -0.002734 
39 -0.002888 
40 -0.002959 
41 -0.003001 
42 -0.003010 
43 -0.002979 
44 -0.002908 
45 -0.002791 
46 -0.002518 
47 0.000788 
48 0.078308 
49 2.185373 
