0 0.000000 
1 -0.057499 
2 -0.020808 
3 0.006285 
4 0.025290 
5 0.037841 
6 0.044640 
7 0.045752 
8 0.040710 
9 0.029274 
10 0.011264 
11 -0.013564 
12 -0.045580 
13 -0.085415 
14 -0.134420 
15 -0.195648 
16 -0.274975 
17 -0.383822 
18 -0.493963 
19 -0.472966 
20 -0.403397 
21 -0.347783 
22 -0.308108 
23 -0.279337 
24 -0.258574 
25 -0.244123 
26 -0.234842 
27 -0.229852 
28 -0.228392 
29 -0.229731 
30 -0.233105 
31 -0.237688 
32 -0.242640 
33 -0.247540 
34 -0.252809 
35 -0.258149 
36 -0.262923 
37 -0.264053 
38 -0.254255 
39 -0.240261 
40 -0.224529 
41 -0.207132 
42 -0.188150 
43 -0.167709 
44 -0.145970 
45 -0.123113 
46 -0.099332 
47 -0.074821 
48 -0.049779 
49 -0.024990 
50 -0.698132 
