0 -0.208330 
1 0.132939 
2 0.098162 
3 0.068860 
4 0.045472 
5 0.024636 
6 0.004029 
7 -0.018267 
8 -0.041435 
9 -0.065254 
10 -0.089959 
11 -0.115999 
12 -0.144329 
13 -0.177553 
14 -0.221840 
15 -0.287419 
16 -0.394373 
17 -0.399061 
18 0.076076 
19 0.252060 
20 0.201501 
21 0.143751 
22 0.104242 
23 0.075230 
24 0.052356 
25 0.033627 
26 0.018081 
27 0.005290 
28 -0.004850 
29 -0.012226 
30 -0.016607 
31 -0.017940 
32 -0.017753 
33 -0.019090 
34 -0.019349 
35 -0.017299 
36 -0.004091 
37 0.035499 
38 0.050700 
39 0.057002 
40 0.063032 
41 0.068776 
42 0.074062 
43 0.078766 
44 0.082813 
45 0.086165 
46 0.088807 
47 0.090731 
48 0.089816 
49 -2.438920 
