0 0.000000 
1 -0.006616 
2 -0.015206 
3 -0.016676 
4 -0.013767 
5 -0.008163 
6 -0.000997 
7 0.006805 
8 0.014267 
9 0.020305 
10 0.023802 
11 0.023604 
12 0.018501 
13 0.007185 
14 -0.011869 
15 -0.040767 
16 -0.082837 
17 -0.143781 
18 -0.228881 
19 -0.325399 
20 -0.412817 
21 -0.487445 
22 -0.552836 
23 -0.611962 
24 -0.666850 
25 -0.719015 
26 -0.769667 
27 -0.819811 
28 -0.870276 
29 -0.921718 
30 -0.974600 
31 -1.029147 
32 -1.085313 
33 -1.142841 
34 -1.201612 
35 -1.261685 
36 -1.323002 
37 -1.385047 
38 -1.446024 
39 -1.504083 
40 -1.558518 
41 -1.608946 
42 -1.655006 
43 -1.696369 
44 -1.732742 
45 -1.763876 
46 -1.789564 
47 -1.809644 
48 -1.823992 
49 -1.832595 
50 -1.923707 
