0.000000 0.000000 0.000000 
-0.057499 0.123989 -0.006616 
-0.020808 0.120812 -0.015206 
0.006285 0.126242 -0.016676 
0.025290 0.129067 -0.013767 
0.037841 0.130312 -0.008163 
0.044640 0.130054 -0.000997 
0.045752 0.128641 0.006805 
0.040710 0.126943 0.014267 
0.029274 0.125129 0.020305 
0.011264 0.123211 0.023802 
-0.013564 0.121231 0.023604 
-0.045580 0.119255 0.018501 
-0.085415 0.117355 0.007185 
-0.134420 0.115489 -0.011869 
-0.195648 0.113446 -0.040767 
-0.274975 0.111507 -0.082837 
-0.383822 0.110225 -0.143781 
-0.493963 0.113682 -0.228881 
-0.472966 0.116129 -0.325399 
-0.403397 0.113749 -0.412817 
-0.347783 0.109850 -0.487445 
-0.308108 0.106438 -0.552836 
-0.279337 0.103250 -0.611962 
-0.258574 0.100188 -0.666850 
-0.244123 0.097214 -0.719015 
-0.234842 0.094331 -0.769667 
-0.229852 0.091573 -0.819811 
-0.228392 0.088996 -0.870276 
-0.229731 0.086672 -0.921718 
-0.233105 0.084687 -0.974600 
-0.237688 0.083133 -1.029147 
-0.242640 0.082093 -1.085313 
-0.247540 0.081503 -1.142841 
-0.252809 0.081034 -1.201612 
-0.258149 0.080588 -1.261685 
-0.262923 0.080164 -1.323002 
-0.264053 0.080310 -1.385047 
-0.254255 0.080256 -1.446024 
-0.240261 0.079501 -1.504083 
-0.224529 0.078704 -1.558518 
-0.207132 0.077888 -1.608946 
-0.188150 0.077059 -1.655006 
-0.167709 0.076228 -1.696369 
-0.145970 0.075406 -1.732742 
-0.123113 0.074604 -1.763876 
-0.099332 0.073833 -1.789564 
-0.074821 0.073138 -1.809644 
-0.049779 0.073356 -1.823992 
-0.024990 0.094969 -1.832595 
-0.698132 0.698132 -1.923707 
