0 12.000000 
1 12.000000 
2 13.425109 
3 14.515442 
4 15.293266 
5 15.780907 
6 16.000000 
7 16.000000 
8 16.000000 
9 16.000000 
10 16.000000 
11 16.000000 
12 16.000000 
13 16.000000 
14 15.980704 
15 15.850993 
16 15.637282 
17 15.376546 
18 15.123320 
19 14.903641 
20 14.692439 
21 14.476301 
22 14.244245 
23 13.993164 
24 13.725124 
25 13.445621 
26 13.162534 
27 12.885470 
28 12.625321 
29 12.393946 
30 12.203907 
31 12.068210 
32 12.000000 
33 12.000000 
34 12.000000 
35 12.000000 
36 12.000000 
37 12.000000 
38 12.000000 
39 12.000000 
40 12.000000 
41 12.000000 
42 12.000000 
43 12.000000 
44 12.000000 
45 12.000000 
46 12.000000 
47 12.000000 
48 12.000000 
49 12.000000 
50 12.000000 
