0 0.000000 
1 5.163439 
2 3.950482 
3 2.818203 
4 1.766813 
5 0.793817 
6 -0.000000 
7 0.000000 
8 0.000000 
9 0.000000 
10 -0.000000 
11 -0.000000 
12 0.000000 
13 -0.069912 
14 -0.469970 
15 -0.774316 
16 -0.944693 
17 -0.917488 
18 -0.795937 
19 -0.765224 
20 -0.783109 
21 -0.840784 
22 -0.909715 
23 -0.971158 
24 -1.012694 
25 -1.025677 
26 -1.003854 
27 -0.942569 
28 -0.838316 
29 -0.688545 
30 -0.491655 
31 -0.247139 
32 0.000000 
33 -0.000000 
34 -0.000000 
35 0.000000 
36 0.000000 
37 0.000000 
38 0.000000 
39 0.000000 
40 0.000000 
41 0.000000 
42 -0.000000 
43 0.000000 
44 0.000000 
45 -0.000000 
46 0.000000 
47 -0.000000 
48 -0.000000 
49 0.000000 
