-30.000000 -10.000000 30.000000 
-27.739492 -6.208535 30.106849 
-24.970499 -2.174792 30.325893 
-21.597545 2.309992 30.603652 
-17.972530 6.915339 30.984450 
-14.290354 11.490695 31.421445 
-10.595647 16.055580 31.860408 
-6.918179 20.635205 32.280214 
-3.284789 25.250684 32.686045 
0.279304 29.920053 33.088448 
3.749936 34.658896 33.494929 
7.103726 39.480354 33.909907 
10.318222 44.394769 34.335881 
13.372559 49.409166 34.774211 
16.248632 54.526698 35.225706 
18.932762 59.746231 35.690877 
21.412841 65.052439 36.168353 
23.672228 70.396330 36.651776 
25.701246 75.713492 37.132042 
27.510313 80.951722 37.601587 
29.129020 86.070251 38.055023 
30.605166 91.038971 38.489436 
32.004100 95.837561 38.904714 
33.409170 100.454345 39.304026 
34.924605 104.884547 39.692462 
36.678516 109.134298 39.992706 
38.771068 113.190964 40.127384 
41.189347 117.027403 40.172966 
43.871002 120.636296 40.211733 
46.766308 124.027539 40.251320 
49.844405 127.213171 40.291953 
53.091934 130.206500 40.334077 
56.500836 133.012471 40.378096 
60.061061 135.623709 40.424255 
63.764786 138.026955 40.472782 
67.605498 140.204393 40.523911 
71.576152 142.134453 40.577892 
75.667471 143.793093 40.634985 
79.866538 145.155625 40.695444 
84.155888 146.199109 40.759506 
88.513381 146.905201 40.827377 
92.913099 147.263076 40.899209 
97.327310 147.271903 40.975100 
101.729230 146.942262 41.055094 
106.096005 146.296138 41.139200 
110.411229 145.365574 41.227413 
114.666474 144.190431 41.319711 
118.861672 142.815915 41.415632 
123.004569 141.290345 41.508106 
127.109417 139.663312 41.495966 
130.799652 137.995323 39.962434 
