0 -0.131497 
1 0.019299 
2 -0.043734 
3 -0.040715 
4 -0.010363 
5 0.008534 
6 0.009155 
7 0.003757 
8 -0.000590 
9 -0.003182 
10 -0.004680 
11 -0.005496 
12 -0.005940 
13 -0.006246 
14 -0.006416 
15 -0.005814 
16 -0.003919 
17 -0.001838 
18 0.000009 
19 0.001414 
20 0.002118 
21 0.001797 
22 0.000031 
23 -0.001166 
24 0.096824 
25 0.097149 
26 0.008423 
27 -0.000677 
28 -0.000714 
29 -0.000888 
30 -0.001096 
31 -0.001251 
32 -0.001385 
33 -0.001527 
34 -0.001677 
35 -0.001834 
36 -0.001994 
37 -0.002149 
38 -0.002287 
39 -0.002399 
40 -0.002477 
41 -0.002519 
42 -0.002532 
43 -0.002529 
44 -0.002527 
45 -0.002502 
46 -0.001957 
47 0.006201 
48 0.122557 
49 1.828348 
