0 0.000000 
1 -0.048391 
2 -0.041289 
3 -0.057383 
4 -0.072366 
5 -0.076180 
6 -0.073040 
7 -0.069670 
8 -0.068288 
9 -0.068505 
10 -0.069676 
11 -0.071398 
12 -0.073421 
13 -0.075606 
14 -0.077905 
15 -0.080266 
16 -0.082406 
17 -0.083848 
18 -0.084524 
19 -0.084521 
20 -0.084001 
21 -0.083221 
22 -0.082560 
23 -0.082548 
24 -0.082978 
25 -0.047346 
26 -0.011595 
27 -0.008496 
28 -0.008745 
29 -0.009008 
30 -0.009335 
31 -0.009738 
32 -0.010198 
33 -0.010708 
34 -0.011270 
35 -0.011887 
36 -0.012562 
37 -0.013296 
38 -0.014087 
39 -0.014928 
40 -0.015811 
41 -0.016723 
42 -0.017650 
43 -0.018581 
44 -0.019512 
45 -0.020442 
46 -0.021363 
47 -0.022083 
48 -0.019801 
49 0.025300 
50 0.698132 
