0 0.000000 
1 -0.272851 
2 -0.160827 
3 -0.089548 
4 -0.045177 
5 -0.011172 
6 0.017360 
7 0.042412 
8 0.065159 
9 0.086229 
10 0.105810 
11 0.123714 
12 0.139410 
13 0.152051 
14 0.160529 
15 0.163668 
16 0.160775 
17 0.151409 
18 0.134167 
19 0.107575 
20 0.070410 
21 0.021589 
22 -0.040092 
23 -0.116397 
24 -0.209738 
25 -0.294844 
26 -0.287380 
27 -0.248845 
28 -0.218259 
29 -0.197971 
30 -0.185661 
31 -0.179692 
32 -0.179386 
33 -0.183893 
34 -0.192215 
35 -0.203290 
36 -0.215959 
37 -0.228914 
38 -0.240700 
39 -0.249756 
40 -0.254537 
41 -0.253708 
42 -0.246359 
43 -0.232160 
44 -0.211371 
45 -0.184723 
46 -0.153220 
47 -0.117956 
48 -0.079995 
49 -0.041130 
50 -0.698132 
