0 -0.741442 
1 0.304411 
2 0.193693 
3 0.120573 
4 0.092406 
5 0.077532 
6 0.068076 
7 0.061814 
8 0.057254 
9 0.053209 
10 0.048653 
11 0.042652 
12 0.034351 
13 0.023036 
14 0.008531 
15 -0.007862 
16 -0.025451 
17 -0.046852 
18 -0.072261 
19 -0.100992 
20 -0.132665 
21 -0.167611 
22 -0.207351 
23 -0.253645 
24 -0.231265 
25 0.020283 
26 0.104715 
27 0.083115 
28 0.055129 
29 0.033452 
30 0.016220 
31 0.000832 
32 -0.012249 
33 -0.022612 
34 -0.030097 
35 -0.034424 
36 -0.035205 
37 -0.032028 
38 -0.024609 
39 -0.012992 
40 0.002254 
41 0.019969 
42 0.038585 
43 0.056491 
44 0.072413 
45 0.085607 
46 0.095827 
47 0.103154 
48 0.105611 
49 -1.785331 
