0 1.047198 
1 1.004829 
2 0.943096 
3 0.912601 
4 0.897038 
5 0.890556 
6 0.891267 
7 0.898144 
8 0.910527 
9 0.927970 
10 0.950124 
11 0.976636 
12 1.007072 
13 1.040830 
14 1.077072 
15 1.114685 
16 1.152397 
17 1.188999 
18 1.223080 
19 1.252642 
20 1.275049 
21 1.286999 
22 1.284449 
23 1.262449 
24 1.214931 
25 1.139105 
26 1.050284 
27 0.968270 
28 0.896635 
29 0.832516 
30 0.773158 
31 0.716524 
32 0.660866 
33 0.604542 
34 0.546182 
35 0.484734 
36 0.419490 
37 0.350128 
38 0.276766 
39 0.200017 
40 0.121011 
41 0.041358 
42 -0.036958 
43 -0.111765 
44 -0.180913 
45 -0.242458 
46 -0.294780 
47 -0.336621 
48 -0.367076 
49 -0.385674 
50 -0.509874 
