0.000000 0.000000 1.047198 
-0.272851 -0.048391 1.004829 
-0.160827 -0.041289 0.943096 
-0.089548 -0.057383 0.912601 
-0.045177 -0.072366 0.897038 
-0.011172 -0.076180 0.890556 
0.017360 -0.073040 0.891267 
0.042412 -0.069670 0.898144 
0.065159 -0.068288 0.910527 
0.086229 -0.068505 0.927970 
0.105810 -0.069676 0.950124 
0.123714 -0.071398 0.976636 
0.139410 -0.073421 1.007072 
0.152051 -0.075606 1.040830 
0.160529 -0.077905 1.077072 
0.163668 -0.080266 1.114685 
0.160775 -0.082406 1.152397 
0.151409 -0.083848 1.188999 
0.134167 -0.084524 1.223080 
0.107575 -0.084521 1.252642 
0.070410 -0.084001 1.275049 
0.021589 -0.083221 1.286999 
-0.040092 -0.082560 1.284449 
-0.116397 -0.082548 1.262449 
-0.209738 -0.082978 1.214931 
-0.294844 -0.047346 1.139105 
-0.287380 -0.011595 1.050284 
-0.248845 -0.008496 0.968270 
-0.218259 -0.008745 0.896635 
-0.197971 -0.009008 0.832516 
-0.185661 -0.009335 0.773158 
-0.179692 -0.009738 0.716524 
-0.179386 -0.010198 0.660866 
-0.183893 -0.010708 0.604542 
-0.192215 -0.011270 0.546182 
-0.203290 -0.011887 0.484734 
-0.215959 -0.012562 0.419490 
-0.228914 -0.013296 0.350128 
-0.240700 -0.014087 0.276766 
-0.249756 -0.014928 0.200017 
-0.254537 -0.015811 0.121011 
-0.253708 -0.016723 0.041358 
-0.246359 -0.017650 -0.036958 
-0.232160 -0.018581 -0.111765 
-0.211371 -0.019512 -0.180913 
-0.184723 -0.020442 -0.242458 
-0.153220 -0.021363 -0.294780 
-0.117956 -0.022083 -0.336621 
-0.079995 -0.019801 -0.367076 
-0.041130 0.025300 -0.385674 
-0.698132 0.698132 -0.509874 
