0 12.000000 
1 12.000000 
2 14.610893 
3 15.919124 
4 16.000000 
5 16.000000 
6 16.000000 
7 16.000000 
8 16.000000 
9 16.000000 
10 16.000000 
11 16.000000 
12 16.000000 
13 16.000000 
14 16.000000 
15 16.000000 
16 15.940012 
17 15.703055 
18 15.338513 
19 14.889093 
20 14.391425 
21 13.877951 
22 13.380637 
23 12.937094 
24 12.599712 
25 12.447088 
26 12.380634 
27 12.274360 
28 12.167397 
29 12.071805 
30 12.007626 
31 12.000000 
32 12.000000 
33 12.000000 
34 12.000000 
35 12.000000 
36 12.000000 
37 12.000000 
38 12.000000 
39 12.000000 
40 12.000000 
41 12.000000 
42 12.000000 
43 12.000000 
44 12.000000 
45 12.000000 
46 12.000000 
47 12.000000 
48 12.000000 
49 12.000000 
50 12.000000 
