0 0.000000 
1 7.094819 
2 3.554974 
3 0.219772 
4 0.000000 
5 -0.000000 
6 -0.000000 
7 0.000000 
8 -0.000000 
9 0.000000 
10 -0.000000 
11 0.000000 
12 0.000000 
13 -0.000000 
14 0.000000 
15 -0.163010 
16 -0.643906 
17 -0.990603 
18 -1.221251 
19 -1.352359 
20 -1.395308 
21 -1.351397 
22 -1.205281 
23 -0.916797 
24 -0.414740 
25 -0.180582 
26 -0.288789 
27 -0.290661 
28 -0.259761 
29 -0.174398 
30 -0.020723 
31 -0.000000 
32 -0.000000 
33 -0.000000 
34 -0.000000 
35 0.000000 
36 -0.000000 
37 -0.000000 
38 0.000000 
39 0.000000 
40 -0.000000 
41 -0.000000 
42 0.000000 
43 -0.000000 
44 -0.000000 
45 0.000000 
46 0.000000 
47 -0.000000 
48 0.000000 
49 0.000000 
