5.000000 130.000000 30.000000 
6.570754 127.342447 29.798583 
8.351547 124.640807 29.379139 
10.420798 121.777840 28.914087 
12.711572 118.796272 28.399342 
15.164658 115.733999 27.850374 
17.726752 112.626535 27.280443 
20.349651 109.506532 26.701567 
22.998292 106.393706 26.121620 
25.656104 103.288450 25.542727 
28.314817 100.183750 24.964579 
30.967186 97.073484 24.386734 
33.604545 93.955202 23.810071 
36.211214 90.836637 23.238802 
38.768279 87.731280 22.678853 
41.260481 84.650332 22.135366 
43.676093 81.602850 21.612462 
46.006810 78.595889 21.113184 
48.247662 75.634629 20.639467 
50.396932 72.722502 20.192159 
52.456077 69.861318 19.771081 
54.429658 67.051381 19.375140 
56.325262 64.291602 19.002468 
58.153414 61.579621 18.650571 
59.927488 58.911923 18.316475 
61.663602 56.283968 17.996866 
63.380531 53.690330 17.688226 
65.099640 51.124851 17.386998 
66.843002 48.583616 17.090386 
68.628840 46.071661 16.797218 
70.472443 43.601357 16.507217 
72.389638 41.187229 16.220048 
74.396379 38.846440 15.935293 
76.508198 36.599343 15.652455 
78.739509 34.470097 15.370970 
81.102674 32.487335 15.090227 
83.606802 30.684891 14.809597 
86.256236 29.102702 14.528475 
89.048767 27.788568 14.246347 
91.973318 26.802861 13.962941 
95.003994 26.225417 13.678678 
98.086573 26.140912 13.395395 
101.138485 26.578876 13.116386 
104.084542 27.487776 12.845237 
106.889025 28.769600 12.584378 
109.552948 30.325848 12.334354 
112.093973 32.079293 12.094060 
114.534503 33.972715 11.861161 
116.898460 35.962122 11.630594 
119.208327 38.009239 11.357824 
121.241751 39.950172 10.170168 
