0 0.505033 
1 -0.010694 
2 0.025690 
3 0.014525 
4 0.008460 
5 0.003726 
6 0.000156 
7 -0.001097 
8 -0.000904 
9 -0.000507 
10 -0.000071 
11 -0.001170 
12 -0.003761 
13 -0.006510 
14 -0.009057 
15 -0.011333 
16 -0.013246 
17 -0.014702 
18 -0.015627 
19 -0.015974 
20 -0.015735 
21 -0.014930 
22 -0.013608 
23 -0.011844 
24 -0.009754 
25 -0.007500 
26 -0.005406 
27 -0.004503 
28 -0.004162 
29 -0.003799 
30 -0.003325 
31 -0.002745 
32 -0.002073 
33 -0.001328 
34 -0.000538 
35 0.000254 
36 0.000983 
37 0.001546 
38 0.001667 
39 0.000488 
40 -0.002952 
41 -0.007794 
42 -0.011966 
43 -0.013894 
44 -0.013327 
45 -0.011112 
46 -0.007458 
47 0.001602 
48 0.104440 
49 2.311775 
