0 0.000000 
1 0.130298 
2 0.127539 
3 0.134167 
4 0.137915 
5 0.140098 
6 0.141059 
7 0.141099 
8 0.140816 
9 0.140583 
10 0.140452 
11 0.140433 
12 0.140132 
13 0.139161 
14 0.137482 
15 0.135145 
16 0.132221 
17 0.128804 
18 0.125011 
19 0.120979 
20 0.116858 
21 0.112798 
22 0.108946 
23 0.105435 
24 0.102379 
25 0.099863 
26 0.097928 
27 0.096533 
28 0.095371 
29 0.094297 
30 0.093317 
31 0.092459 
32 0.091751 
33 0.091216 
34 0.090873 
35 0.090735 
36 0.090800 
37 0.091054 
38 0.091453 
39 0.091883 
40 0.092009 
41 0.091247 
42 0.089236 
43 0.086149 
44 0.082564 
45 0.079126 
46 0.076259 
47 0.074335 
48 0.074748 
49 0.101694 
50 0.698132 
