0 0.000000 
1 0.283888 
2 0.215714 
3 0.157907 
4 0.116136 
5 0.083993 
6 0.058061 
7 0.036373 
8 0.017647 
9 0.001235 
10 -0.013125 
11 -0.025589 
12 -0.036330 
13 -0.045514 
14 -0.053186 
15 -0.059300 
16 -0.063744 
17 -0.066355 
18 -0.066923 
19 -0.065213 
20 -0.060980 
21 -0.053995 
22 -0.044071 
23 -0.031092 
24 -0.015028 
25 0.004041 
26 0.025928 
27 0.050386 
28 0.077317 
29 0.106692 
30 0.138462 
31 0.172571 
32 0.208982 
33 0.247673 
34 0.288659 
35 0.332029 
36 0.378116 
37 0.428173 
38 0.486845 
39 0.564399 
40 0.651697 
41 0.681015 
42 0.638773 
43 0.547820 
44 0.436801 
45 0.335792 
46 0.252272 
47 0.181672 
48 0.117695 
49 0.057982 
50 0.698132 
