0 1.100341 
1 -0.264240 
2 -0.224058 
3 -0.161902 
4 -0.124584 
5 -0.100513 
6 -0.084063 
7 -0.072581 
8 -0.063612 
9 -0.055662 
10 -0.048309 
11 -0.041631 
12 -0.035597 
13 -0.029736 
14 -0.023697 
15 -0.017227 
16 -0.010118 
17 -0.002202 
18 0.006628 
19 0.016407 
20 0.027074 
21 0.038463 
22 0.050309 
23 0.062260 
24 0.073911 
25 0.084834 
26 0.094801 
27 0.104381 
28 0.113859 
29 0.123136 
30 0.132207 
31 0.141126 
32 0.149968 
33 0.158859 
34 0.168100 
35 0.178632 
36 0.194022 
37 0.227410 
38 0.300597 
39 0.338364 
40 0.113634 
41 -0.163726 
42 -0.352532 
43 -0.430309 
44 -0.391508 
45 -0.323720 
46 -0.273645 
47 -0.247972 
48 -0.231445 
49 2.481200 
