0 -1.047198 
1 -1.016261 
2 -0.964028 
3 -0.928624 
4 -0.904399 
5 -0.887513 
6 -0.875863 
7 -0.868222 
8 -0.863866 
9 -0.862343 
10 -0.863302 
11 -0.866423 
12 -0.871423 
13 -0.878068 
14 -0.886171 
15 -0.895550 
16 -0.906010 
17 -0.917319 
18 -0.929191 
19 -0.941268 
20 -0.953108 
21 -0.964177 
22 -0.973853 
23 -0.981435 
24 -0.986173 
25 -0.987302 
26 -0.984092 
27 -0.975896 
28 -0.962153 
29 -0.942323 
30 -0.915846 
31 -0.882154 
32 -0.840653 
33 -0.790718 
34 -0.731673 
35 -0.662758 
36 -0.583078 
37 -0.491409 
38 -0.385554 
39 -0.260769 
40 -0.111005 
41 0.058008 
42 0.224655 
43 0.369002 
44 0.483296 
45 0.569998 
46 0.634819 
47 0.682165 
48 0.714592 
49 0.733531 
50 0.822605 
