0.000000 0.000000 -1.047198 
0.283888 0.130298 -1.016261 
0.215714 0.127539 -0.964028 
0.157907 0.134167 -0.928624 
0.116136 0.137915 -0.904399 
0.083993 0.140098 -0.887513 
0.058061 0.141059 -0.875863 
0.036373 0.141099 -0.868222 
0.017647 0.140816 -0.863866 
0.001235 0.140583 -0.862343 
-0.013125 0.140452 -0.863302 
-0.025589 0.140433 -0.866423 
-0.036330 0.140132 -0.871423 
-0.045514 0.139161 -0.878068 
-0.053186 0.137482 -0.886171 
-0.059300 0.135145 -0.895550 
-0.063744 0.132221 -0.906010 
-0.066355 0.128804 -0.917319 
-0.066923 0.125011 -0.929191 
-0.065213 0.120979 -0.941268 
-0.060980 0.116858 -0.953108 
-0.053995 0.112798 -0.964177 
-0.044071 0.108946 -0.973853 
-0.031092 0.105435 -0.981435 
-0.015028 0.102379 -0.986173 
0.004041 0.099863 -0.987302 
0.025928 0.097928 -0.984092 
0.050386 0.096533 -0.975896 
0.077317 0.095371 -0.962153 
0.106692 0.094297 -0.942323 
0.138462 0.093317 -0.915846 
0.172571 0.092459 -0.882154 
0.208982 0.091751 -0.840653 
0.247673 0.091216 -0.790718 
0.288659 0.090873 -0.731673 
0.332029 0.090735 -0.662758 
0.378116 0.090800 -0.583078 
0.428173 0.091054 -0.491409 
0.486845 0.091453 -0.385554 
0.564399 0.091883 -0.260769 
0.651697 0.092009 -0.111005 
0.681015 0.091247 0.058008 
0.638773 0.089236 0.224655 
0.547820 0.086149 0.369002 
0.436801 0.082564 0.483296 
0.335792 0.079126 0.569998 
0.252272 0.076259 0.634819 
0.181672 0.074335 0.682165 
0.117695 0.074748 0.714592 
0.057982 0.101694 0.733531 
0.698132 0.698132 0.822605 
