0 12.000000 
1 12.000000 
2 13.296016 
3 14.324955 
4 15.094154 
5 15.617885 
6 15.913577 
7 16.000000 
8 16.000000 
9 16.000000 
10 16.000000 
11 16.000000 
12 15.970473 
13 15.843649 
14 15.636537 
15 15.365494 
16 15.046175 
17 14.693488 
18 14.321532 
19 13.943553 
20 13.571890 
21 13.217949 
22 12.892201 
23 12.604236 
24 12.362886 
25 12.176417 
26 12.052792 
27 12.000000 
28 12.000000 
29 12.000000 
30 12.000000 
31 12.000000 
32 12.000000 
33 12.000000 
34 12.000000 
35 12.000000 
36 12.000000 
37 12.000000 
38 12.000000 
39 12.000000 
40 12.000000 
41 12.000000 
42 12.000000 
43 12.000000 
44 12.000000 
45 12.000000 
46 12.000000 
47 12.000000 
48 12.000000 
49 12.000000 
50 12.000000 
