0 0.000000 
1 5.023318 
2 3.988134 
3 2.981394 
4 2.029963 
5 1.146094 
6 0.334973 
7 0.000000 
8 -0.000000 
9 -0.000000 
10 0.000000 
11 -0.114444 
12 -0.491568 
13 -0.802761 
14 -1.050555 
15 -1.237667 
16 -1.367007 
17 -1.441689 
18 -1.465035 
19 -1.440552 
20 -1.371865 
21 -1.262592 
22 -1.116142 
23 -0.935464 
24 -0.722751 
25 -0.479164 
26 -0.204621 
27 0.000000 
28 -0.000000 
29 -0.000000 
30 0.000000 
31 0.000000 
32 -0.000000 
33 -0.000000 
34 0.000000 
35 -0.000000 
36 -0.000000 
37 0.000000 
38 0.000000 
39 -0.000000 
40 0.000000 
41 -0.000000 
42 0.000000 
43 0.000000 
44 0.000000 
45 0.000000 
46 -0.000000 
47 0.000000 
48 -0.000000 
49 0.000000 
