-30.000000 -10.000000 30.000000 
-26.464548 -7.398364 30.135734 
-22.601468 -4.388604 30.525288 
-18.222580 -0.842742 31.125015 
-13.711961 2.886818 31.734604 
-9.227096 6.639001 32.156475 
-4.748630 10.405956 32.387192 
-0.264936 14.178204 32.513143 
4.228313 17.943084 32.613895 
8.735093 21.689503 32.731771 
13.260843 25.408749 32.880191 
17.811714 29.093393 33.057886 
22.393811 32.736398 33.258232 
27.012822 36.330742 33.474083 
31.673852 39.869369 33.699866 
36.381312 43.345339 33.931983 
41.138767 46.752084 34.168894 
45.948669 50.083722 34.411837 
50.812354 53.335657 34.661231 
55.729951 56.505197 34.913575 
60.699922 59.591988 35.165719 
65.718836 62.598629 35.416984 
70.778431 65.528502 35.660083 
75.847180 68.367949 35.885527 
80.881589 71.082432 36.095808 
85.849029 73.641434 36.294063 
90.726360 76.025758 36.478075 
95.498302 78.227887 36.646860 
100.156550 80.251612 36.800364 
104.698946 82.111620 36.939285 
109.128702 83.833039 37.064876 
113.453656 85.450957 37.178761 
117.685523 87.010000 37.282789 
121.839109 88.564101 37.378944 
125.931389 90.176666 37.469248 
129.963687 91.914572 37.555139 
133.908010 93.843299 37.637223 
137.714534 96.030571 37.715840 
141.310389 98.547885 37.791373 
144.584422 101.469408 37.864261 
147.353694 104.869364 37.934940 
149.337909 108.775513 38.003538 
150.295821 113.049049 38.069420 
150.140724 117.425938 38.131242 
148.882688 121.621080 38.187534 
146.653599 125.395061 38.237406 
143.780805 128.711486 38.280919 
140.518960 131.649446 38.318815 
137.020149 134.302575 38.354368 
133.385166 136.765148 38.446977 
129.924052 138.815457 39.990502 
