0 0.000000 
1 -0.061823 
2 -0.095868 
3 -0.116650 
4 -0.091548 
5 -0.052569 
6 -0.026239 
7 -0.016701 
8 -0.017594 
9 -0.022569 
10 -0.028063 
11 -0.032598 
12 -0.035819 
13 -0.037905 
14 -0.039217 
15 -0.040073 
16 -0.040857 
17 -0.042136 
18 -0.043064 
19 -0.043145 
20 -0.042996 
21 -0.042845 
22 -0.040264 
23 -0.037297 
24 -0.036194 
25 -0.034726 
26 -0.033025 
27 -0.031170 
28 -0.029245 
29 -0.027331 
30 -0.025498 
31 -0.023808 
32 -0.022310 
33 -0.021043 
34 -0.020010 
35 -0.019105 
36 -0.018276 
37 -0.017526 
38 -0.016871 
39 -0.016321 
40 -0.015865 
41 -0.015373 
42 -0.014628 
43 -0.013525 
44 -0.012110 
45 -0.010601 
46 -0.009215 
47 -0.008042 
48 -0.008148 
49 -0.034028 
50 -0.698132 
