0 -0.168915 
1 -0.093019 
2 -0.056781 
3 0.068582 
4 0.106503 
5 0.071939 
6 0.026060 
7 -0.002440 
8 -0.013593 
9 -0.015010 
10 -0.012392 
11 -0.008799 
12 -0.005701 
13 -0.003584 
14 -0.002337 
15 -0.002144 
16 -0.003494 
17 -0.002536 
18 -0.000221 
19 0.000408 
20 0.000413 
21 0.007052 
22 0.008106 
23 0.003014 
24 0.004011 
25 0.004648 
26 0.005068 
27 0.005259 
28 0.005231 
29 0.005007 
30 0.004617 
31 0.004094 
32 0.003461 
33 0.002823 
34 0.002472 
35 0.002266 
36 0.002047 
37 0.001791 
38 0.001502 
39 0.001246 
40 0.001344 
41 0.002036 
42 0.003016 
43 0.003864 
44 0.004125 
45 0.003786 
46 0.003203 
47 -0.000288 
48 -0.070712 
49 -1.814490 
