0 0.000000 
1 0.119488 
2 0.071615 
3 0.042458 
4 0.024532 
5 0.011128 
6 0.000264 
7 -0.008959 
8 -0.017150 
9 -0.024713 
10 -0.031904 
11 -0.038859 
12 -0.045622 
13 -0.052143 
14 -0.058291 
15 -0.063854 
16 -0.068541 
17 -0.071992 
18 -0.073792 
19 -0.073479 
20 -0.070567 
21 -0.064598 
22 -0.059714 
23 -0.069240 
24 -0.079925 
25 -0.086957 
26 -0.089751 
27 -0.087625 
28 -0.079893 
29 -0.065967 
30 -0.045445 
31 -0.018170 
32 0.015755 
33 0.055982 
34 0.102098 
35 0.154381 
36 0.213798 
37 0.282125 
38 0.363643 
39 0.471235 
40 0.621540 
41 0.698132 
42 0.698132 
43 0.698132 
44 0.698132 
45 0.528217 
46 0.377608 
47 0.267005 
48 0.171526 
49 0.084415 
50 0.698132 
