0 0.326470 
1 -0.130802 
2 -0.079663 
3 -0.048978 
4 -0.036624 
5 -0.029681 
6 -0.025200 
7 -0.022380 
8 -0.020665 
9 -0.019646 
10 -0.019005 
11 -0.018476 
12 -0.017817 
13 -0.016798 
14 -0.015199 
15 -0.012806 
16 -0.009431 
17 -0.004918 
18 0.000856 
19 0.007956 
20 0.016308 
21 0.013345 
22 -0.026028 
23 -0.029195 
24 -0.019214 
25 -0.007633 
26 0.005808 
27 0.021125 
28 0.038050 
29 0.056071 
30 0.074521 
31 0.092692 
32 0.109909 
33 0.126001 
34 0.142849 
35 0.162342 
36 0.186685 
37 0.222728 
38 0.293965 
39 0.410670 
40 0.209268 
41 -0.000000 
42 -0.000000 
43 -0.000000 
44 -0.464248 
45 -0.411500 
46 -0.302195 
47 -0.260873 
48 -0.238007 
49 1.676821 
