0 0.628319 
1 0.646584 
2 0.673096 
3 0.686719 
4 0.694384 
5 0.698463 
6 0.699766 
7 0.698771 
8 0.695785 
9 0.690996 
10 0.684519 
11 0.676422 
12 0.666754 
13 0.655563 
14 0.642919 
15 0.628932 
16 0.613767 
17 0.597667 
18 0.580964 
19 0.564089 
20 0.547585 
21 0.532102 
22 0.517856 
23 0.502978 
24 0.485486 
25 0.465445 
26 0.443597 
27 0.420945 
28 0.398817 
29 0.378896 
30 0.363197 
31 0.353987 
32 0.353646 
33 0.364497 
34 0.388621 
35 0.427959 
36 0.484766 
37 0.562016 
38 0.664130 
39 0.799555 
40 0.985515 
41 1.222329 
42 1.478254 
43 1.734179 
44 1.990105 
45 2.205497 
46 2.354272 
47 2.456243 
48 2.524266 
49 2.563536 
50 2.694376 
