0.000000 0.000000 0.628319 
0.119488 -0.061823 0.646584 
0.071615 -0.095868 0.673096 
0.042458 -0.116650 0.686719 
0.024532 -0.091548 0.694384 
0.011128 -0.052569 0.698463 
0.000264 -0.026239 0.699766 
-0.008959 -0.016701 0.698771 
-0.017150 -0.017594 0.695785 
-0.024713 -0.022569 0.690996 
-0.031904 -0.028063 0.684519 
-0.038859 -0.032598 0.676422 
-0.045622 -0.035819 0.666754 
-0.052143 -0.037905 0.655563 
-0.058291 -0.039217 0.642919 
-0.063854 -0.040073 0.628932 
-0.068541 -0.040857 0.613767 
-0.071992 -0.042136 0.597667 
-0.073792 -0.043064 0.580964 
-0.073479 -0.043145 0.564089 
-0.070567 -0.042996 0.547585 
-0.064598 -0.042845 0.532102 
-0.059714 -0.040264 0.517856 
-0.069240 -0.037297 0.502978 
-0.079925 -0.036194 0.485486 
-0.086957 -0.034726 0.465445 
-0.089751 -0.033025 0.443597 
-0.087625 -0.031170 0.420945 
-0.079893 -0.029245 0.398817 
-0.065967 -0.027331 0.378896 
-0.045445 -0.025498 0.363197 
-0.018170 -0.023808 0.353987 
0.015755 -0.022310 0.353646 
0.055982 -0.021043 0.364497 
0.102098 -0.020010 0.388621 
0.154381 -0.019105 0.427959 
0.213798 -0.018276 0.484766 
0.282125 -0.017526 0.562016 
0.363643 -0.016871 0.664130 
0.471235 -0.016321 0.799555 
0.621540 -0.015865 0.985515 
0.698132 -0.015373 1.222329 
0.698132 -0.014628 1.478254 
0.698132 -0.013525 1.734179 
0.698132 -0.012110 1.990105 
0.528217 -0.010601 2.205497 
0.377608 -0.009215 2.354272 
0.267005 -0.008042 2.456243 
0.171526 -0.008148 2.524266 
0.084415 -0.034028 2.563536 
0.698132 -0.698132 2.694376 
