0 12.000000 
1 12.000000 
2 14.799518 
3 16.000000 
4 16.000000 
5 16.000000 
6 16.000000 
7 16.000000 
8 16.000000 
9 16.000000 
10 16.000000 
11 16.000000 
12 16.000000 
13 16.000000 
14 16.000000 
15 16.000000 
16 16.000000 
17 16.000000 
18 16.000000 
19 16.000000 
20 16.000000 
21 16.000000 
22 15.976772 
23 15.795254 
24 15.480751 
25 15.073558 
26 14.610366 
27 14.123895 
28 13.642631 
29 13.190749 
30 12.788403 
31 12.452540 
32 12.198358 
33 12.041387 
34 12.000000 
35 12.000000 
36 12.000000 
37 12.000000 
38 12.000000 
39 12.000000 
40 12.000000 
41 12.000000 
42 12.000000 
43 12.000000 
44 12.000000 
45 12.000000 
46 12.000000 
47 12.000000 
48 12.000000 
49 12.000000 
50 12.000000 
