-30.000000 -10.000000 30.000000 
-25.374042 -9.923343 30.182458 
-20.242723 -9.456826 30.606139 
-14.379303 -8.666868 31.180356 
-8.304641 -7.751890 31.868069 
-2.232150 -6.827615 32.561225 
3.847900 -5.944154 33.214428 
9.939943 -5.126907 33.821504 
16.043626 -4.378205 34.393883 
22.154942 -3.676625 34.947331 
28.267021 -2.974938 35.496781 
34.369058 -2.196181 36.055462 
40.440930 -1.224319 36.635294 
46.432881 0.126405 37.267138 
52.228337 2.175267 37.795928 
57.603018 5.193835 38.021675 
62.532303 8.909215 38.101675 
67.135960 13.023486 38.198482 
71.510619 17.381219 38.298903 
75.724786 21.894617 38.403478 
79.833185 26.504628 38.511336 
83.881439 31.167596 38.622057 
87.907983 35.849336 38.735539 
91.944981 40.522053 38.851787 
96.006064 45.147956 38.970096 
100.075421 49.666642 39.088463 
104.126773 54.017874 39.204522 
108.140233 58.161132 39.316433 
112.101277 62.074720 39.423004 
115.999763 65.754905 39.523702 
119.829063 69.215036 39.618612 
123.585352 72.484618 39.708369 
127.267018 75.608373 39.794087 
130.874130 78.645403 39.877321 
134.407767 81.668653 39.960007 
137.859105 84.756538 40.043966 
141.188120 87.975625 40.130314 
144.324863 91.382061 40.219807 
147.177442 95.029501 40.313372 
149.623512 98.960729 40.412086 
151.502852 103.191213 40.516989 
152.623836 107.680187 40.628734 
152.808604 112.299938 40.747177 
151.977857 116.846046 40.871255 
150.203246 121.114224 40.999367 
147.664696 124.980569 41.130033 
144.566049 128.418153 41.262298 
141.083098 131.468786 41.395218 
137.351402 134.212055 41.521472 
133.471883 136.745787 41.543448 
129.768665 138.840208 39.954797 
