0 0.000000 
1 -0.078817 
2 -0.085020 
3 -0.108187 
4 -0.114831 
5 -0.109963 
6 -0.101893 
7 -0.095002 
8 -0.090620 
9 -0.088837 
10 -0.089306 
11 -0.091830 
12 -0.096185 
13 -0.108763 
14 -0.062690 
15 -0.010435 
16 -0.015471 
17 -0.015879 
18 -0.016642 
19 -0.017224 
20 -0.017706 
21 -0.018152 
22 -0.018600 
23 -0.019048 
24 -0.019384 
25 -0.019533 
26 -0.019493 
27 -0.019292 
28 -0.018971 
29 -0.018582 
30 -0.018186 
31 -0.017851 
32 -0.017646 
33 -0.017649 
34 -0.017906 
35 -0.018348 
36 -0.018938 
37 -0.019706 
38 -0.020696 
39 -0.021929 
40 -0.023369 
41 -0.024884 
42 -0.026262 
43 -0.027318 
44 -0.028005 
45 -0.028421 
46 -0.028696 
47 -0.028703 
48 -0.025817 
49 0.016327 
50 0.698132 
