0 -0.204190 
1 -0.016070 
2 -0.060017 
3 -0.017214 
4 0.012613 
5 0.020907 
6 0.017851 
7 0.011353 
8 0.004619 
9 -0.001217 
10 -0.006538 
11 -0.011284 
12 -0.032584 
13 0.119360 
14 0.135374 
15 -0.013046 
16 -0.001056 
17 -0.001978 
18 -0.001508 
19 -0.001247 
20 -0.001155 
21 -0.001161 
22 -0.001161 
23 -0.000872 
24 -0.000385 
25 0.000103 
26 0.000521 
27 0.000833 
28 0.001008 
29 0.001024 
30 0.000869 
31 0.000530 
32 -0.000006 
33 -0.000666 
34 -0.001145 
35 -0.001527 
36 -0.001991 
37 -0.002565 
38 -0.003195 
39 -0.003731 
40 -0.003924 
41 -0.003570 
42 -0.002735 
43 -0.001780 
44 -0.001077 
45 -0.000713 
46 -0.000018 
47 0.007477 
48 0.109183 
49 1.766332 
