0 0.000000 
1 0.306932 
2 0.150393 
3 0.057242 
4 0.002994 
5 -0.030711 
6 -0.047904 
7 -0.049457 
8 -0.035012 
9 -0.003283 
10 0.048159 
11 0.124272 
12 0.239283 
13 0.444413 
14 0.688548 
15 0.505185 
16 0.317533 
17 0.214793 
18 0.146116 
19 0.094098 
20 0.052495 
21 0.018292 
22 -0.010098 
23 -0.033515 
24 -0.052575 
25 -0.067583 
26 -0.078320 
27 -0.084196 
28 -0.084403 
29 -0.078069 
30 -0.064424 
31 -0.042959 
32 -0.013541 
33 0.023533 
34 0.067648 
35 0.118604 
36 0.176914 
37 0.243517 
38 0.319653 
39 0.405514 
40 0.495800 
41 0.573312 
42 0.611360 
43 0.593826 
44 0.530318 
45 0.443567 
46 0.350635 
47 0.258756 
48 0.169494 
49 0.084567 
50 0.698132 
