0 0.795161 
1 -0.405540 
2 -0.241324 
3 -0.140541 
4 -0.087317 
5 -0.044541 
6 -0.004024 
7 0.037424 
8 0.082198 
9 0.133270 
10 0.197185 
11 0.297954 
12 0.531427 
13 0.632474 
14 -0.475035 
15 -0.486146 
16 -0.266166 
17 -0.177920 
18 -0.134762 
19 -0.107779 
20 -0.088608 
21 -0.073549 
22 -0.060666 
23 -0.049379 
24 -0.038879 
25 -0.027816 
26 -0.015223 
27 -0.000538 
28 0.016410 
29 0.035351 
30 0.055607 
31 0.076213 
32 0.096047 
33 0.114287 
34 0.132010 
35 0.151064 
36 0.172545 
37 0.197245 
38 0.222436 
39 0.233903 
40 0.200808 
41 0.098568 
42 -0.045423 
43 -0.164530 
44 -0.224742 
45 -0.240758 
46 -0.238028 
47 -0.231247 
48 -0.220018 
49 1.589545 
