0 0.000000 
1 0.050161 
2 0.118448 
3 0.144758 
4 0.152028 
5 0.148684 
6 0.139196 
7 0.127443 
8 0.117248 
9 0.112628 
10 0.118043 
11 0.138903 
12 0.183296 
13 0.269479 
14 0.423981 
15 0.588568 
16 0.694183 
17 0.760017 
18 0.804048 
19 0.833170 
20 0.850887 
21 0.859430 
22 0.860419 
23 0.855157 
24 0.844732 
25 0.829995 
26 0.811683 
27 0.790653 
28 0.768048 
29 0.745427 
30 0.724830 
31 0.708755 
32 0.700038 
33 0.701617 
34 0.716232 
35 0.746273 
36 0.794145 
37 0.862768 
38 0.955806 
39 1.077851 
40 1.233598 
41 1.424145 
42 1.640413 
43 1.861280 
44 2.063650 
45 2.233969 
46 2.368950 
47 2.470182 
48 2.540179 
49 2.581287 
50 2.719303 
