0.000000 0.000000 0.000000 
0.306932 -0.078817 0.050161 
0.150393 -0.085020 0.118448 
0.057242 -0.108187 0.144758 
0.002994 -0.114831 0.152028 
-0.030711 -0.109963 0.148684 
-0.047904 -0.101893 0.139196 
-0.049457 -0.095002 0.127443 
-0.035012 -0.090620 0.117248 
-0.003283 -0.088837 0.112628 
0.048159 -0.089306 0.118043 
0.124272 -0.091830 0.138903 
0.239283 -0.096185 0.183296 
0.444413 -0.108763 0.269479 
0.688548 -0.062690 0.423981 
0.505185 -0.010435 0.588568 
0.317533 -0.015471 0.694183 
0.214793 -0.015879 0.760017 
0.146116 -0.016642 0.804048 
0.094098 -0.017224 0.833170 
0.052495 -0.017706 0.850887 
0.018292 -0.018152 0.859430 
-0.010098 -0.018600 0.860419 
-0.033515 -0.019048 0.855157 
-0.052575 -0.019384 0.844732 
-0.067583 -0.019533 0.829995 
-0.078320 -0.019493 0.811683 
-0.084196 -0.019292 0.790653 
-0.084403 -0.018971 0.768048 
-0.078069 -0.018582 0.745427 
-0.064424 -0.018186 0.724830 
-0.042959 -0.017851 0.708755 
-0.013541 -0.017646 0.700038 
0.023533 -0.017649 0.701617 
0.067648 -0.017906 0.716232 
0.118604 -0.018348 0.746273 
0.176914 -0.018938 0.794145 
0.243517 -0.019706 0.862768 
0.319653 -0.020696 0.955806 
0.405514 -0.021929 1.077851 
0.495800 -0.023369 1.233598 
0.573312 -0.024884 1.424145 
0.611360 -0.026262 1.640413 
0.593826 -0.027318 1.861280 
0.530318 -0.028005 2.063650 
0.443567 -0.028421 2.233969 
0.350635 -0.028696 2.368950 
0.258756 -0.028703 2.470182 
0.169494 -0.025817 2.540179 
0.084567 0.016327 2.581287 
0.698132 0.698132 2.719303 
