0 0.000000 
1 7.232615 
2 3.130079 
3 -0.000000 
4 -0.000000 
5 0.000000 
6 -0.000000 
7 0.000000 
8 0.000000 
9 -0.000000 
10 0.000000 
11 -0.000000 
12 0.000000 
13 0.000000 
14 -0.000000 
15 0.000000 
16 0.000000 
17 0.000000 
18 0.000000 
19 -0.000000 
20 0.000000 
21 -0.000000 
22 -0.000000 
23 -0.261457 
24 -0.740485 
25 -1.081189 
26 -1.294458 
27 -1.392620 
28 -1.389198 
29 -1.298196 
30 -1.132677 
31 -0.902589 
32 -0.612168 
33 -0.257658 
34 -0.000000 
35 0.000000 
36 -0.000000 
37 -0.000000 
38 -0.000000 
39 0.000000 
40 -0.000000 
41 0.000000 
42 -0.000000 
43 -0.000000 
44 -0.000000 
45 0.000000 
46 -0.000000 
47 -0.000000 
48 -0.000000 
49 -0.000000 
