-30.000000 -10.000000 30.000000 
-26.118550 -12.592967 30.240309 
-21.378474 -14.440352 30.656638 
-15.595237 -15.258136 30.949477 
-9.385157 -14.979224 31.135620 
-3.160752 -14.106954 31.270698 
3.019165 -12.950018 31.444069 
9.173925 -11.660507 31.684095 
15.332262 -10.341623 31.971713 
21.520693 -9.077494 32.282333 
27.757745 -7.941181 32.602760 
34.051910 -7.001432 32.931189 
40.400244 -6.321251 33.269036 
46.787230 -5.946143 33.615372 
53.186054 -5.895118 33.967766 
59.564199 -6.155416 34.323985 
65.891515 -6.683154 34.683297 
72.149794 -7.409773 35.050771 
78.350033 -8.247924 35.443233 
84.554748 -9.066567 35.893372 
90.860446 -9.571985 36.452261 
97.205675 -9.214082 37.181885 
103.347834 -7.637386 37.855359 
109.062849 -4.835450 38.440097 
114.187322 -0.798475 39.444106 
118.504321 4.255906 40.766486 
122.030646 9.740344 41.910915 
124.983746 15.381115 42.785804 
127.484555 21.140015 43.481871 
129.604289 27.031667 44.075782 
131.403730 33.056391 44.615274 
132.926302 39.190446 45.145708 
134.193574 45.399814 45.739849 
135.220592 51.670802 46.458082 
136.008969 58.001599 47.243600 
136.520471 64.305050 47.880295 
136.754630 70.665137 48.171038 
136.708961 77.295570 48.247856 
136.237978 83.958043 48.354575 
135.261636 90.175859 48.620268 
133.779920 95.896484 49.169955 
131.807071 101.339447 49.990393 
129.506466 106.644010 50.866777 
127.213214 111.440258 51.801753 
125.352594 116.345939 53.285154 
124.003553 121.915744 53.735546 
124.049571 127.159721 51.774795 
125.240541 131.532198 48.771707 
127.561230 135.420567 45.763461 
130.843198 138.548468 42.755215 
134.852082 140.709450 39.746969 
