0 0.000000 
1 -0.102761 
2 -0.057304 
3 -0.030659 
4 -0.017297 
5 -0.021338 
6 -0.032944 
7 -0.042994 
8 -0.048352 
9 -0.050370 
10 -0.051421 
11 -0.052157 
12 -0.052569 
13 -0.052681 
14 -0.052827 
15 -0.053333 
16 -0.054536 
17 -0.057730 
18 -0.064787 
19 -0.078114 
20 -0.100700 
21 -0.134685 
22 -0.083516 
23 -0.104555 
24 -0.220634 
25 -0.211179 
26 -0.159144 
27 -0.122186 
28 -0.101142 
29 -0.089263 
30 -0.083656 
31 -0.086355 
32 -0.104095 
33 -0.126506 
34 -0.126423 
35 -0.077938 
36 -0.012456 
37 0.012356 
38 -0.014306 
39 -0.072511 
40 -0.116743 
41 -0.135702 
42 -0.122059 
43 -0.234642 
44 -0.360762 
45 0.175523 
46 0.695254 
47 0.698132 
48 0.698132 
49 0.698132 
50 0.698132 
