0 -0.263490 
1 0.116557 
2 0.068321 
3 0.034261 
4 -0.010362 
5 -0.029760 
6 -0.025768 
7 -0.013737 
8 -0.005175 
9 -0.002697 
10 -0.001885 
11 -0.001056 
12 -0.000288 
13 -0.000375 
14 -0.001297 
15 -0.003084 
16 -0.008191 
17 -0.018094 
18 -0.034170 
19 -0.057914 
20 -0.087142 
21 0.131203 
22 -0.053944 
23 -0.297641 
24 0.024245 
25 0.133423 
26 0.094763 
27 0.053959 
28 0.030459 
29 0.014378 
30 -0.006921 
31 -0.045488 
32 -0.057465 
33 0.000215 
34 0.124319 
35 0.167904 
36 0.063619 
37 -0.068362 
38 -0.149245 
39 -0.113416 
40 -0.048611 
41 0.034982 
42 -0.288676 
43 -0.323382 
44 1.375088 
45 1.332645 
46 0.007378 
47 0.000000 
48 0.000000 
49 -0.000000 
