0 0.000000 
1 0.698132 
2 0.698132 
3 0.698132 
4 0.331302 
5 0.175669 
6 0.085876 
7 0.017616 
8 -0.038471 
9 -0.085857 
10 -0.126120 
11 -0.159860 
12 -0.185571 
13 -0.200235 
14 -0.200893 
15 -0.185252 
16 -0.150602 
17 -0.090532 
18 0.012329 
19 0.200827 
20 0.542687 
21 0.698132 
22 0.698132 
23 0.698132 
24 0.698132 
25 0.520978 
26 0.362052 
27 0.303307 
28 0.264445 
29 0.226883 
30 0.193547 
31 0.170732 
32 0.161056 
33 0.158720 
34 0.167381 
35 0.189593 
36 0.223724 
37 0.263098 
38 0.295069 
39 0.327228 
40 0.346359 
41 0.293793 
42 0.219273 
43 -0.042970 
44 -0.458673 
45 -0.698132 
46 -0.698132 
47 -0.698132 
48 -0.698132 
49 -0.673041 
50 -0.698132 
