0 1.790081 
1 0.000000 
2 -0.000000 
3 -0.940588 
4 -0.399059 
5 -0.230239 
6 -0.175026 
7 -0.143813 
8 -0.121503 
9 -0.103239 
10 -0.086512 
11 -0.065926 
12 -0.037600 
13 -0.001686 
14 0.040105 
15 0.088846 
16 0.154026 
17 0.263746 
18 0.483330 
19 0.876563 
20 0.398577 
21 0.000000 
22 -0.000000 
23 0.000000 
24 -0.454240 
25 -0.407504 
26 -0.150628 
27 -0.099645 
28 -0.096314 
29 -0.085476 
30 -0.058502 
31 -0.024811 
32 -0.005987 
33 0.022205 
34 0.056954 
35 0.087516 
36 0.100961 
37 0.081975 
38 0.082460 
39 0.049055 
40 -0.134785 
41 -0.191077 
42 -0.672419 
43 -1.065904 
44 -0.613997 
45 0.000000 
46 -0.000000 
47 -0.000000 
48 0.064336 
49 -0.064336 
