0 -0.628319 
1 -0.504007 
2 -0.254200 
3 -0.036102 
4 0.105069 
5 0.168243 
6 0.200162 
7 0.212854 
8 0.210548 
9 0.195720 
10 0.170173 
11 0.135504 
12 0.093414 
13 0.046073 
14 -0.003532 
15 -0.051586 
16 -0.093658 
17 -0.124737 
18 -0.138108 
19 -0.119619 
20 -0.030801 
21 0.143203 
22 0.349245 
23 0.554483 
24 0.759014 
25 0.929821 
26 1.043850 
27 1.125405 
28 1.194747 
29 1.254860 
30 1.306133 
31 1.350733 
32 1.391385 
33 1.430194 
34 1.470065 
35 1.513814 
36 1.564257 
37 1.623637 
38 1.693690 
39 1.773624 
40 1.859368 
41 1.938929 
42 2.002191 
43 2.058421 
44 2.037697 
45 1.831299 
46 1.558591 
47 1.285884 
48 1.013177 
49 0.747417 
50 0.481658 
