0.000000 0.000000 -0.628319 
0.698132 -0.102761 -0.504007 
0.698132 -0.057304 -0.254200 
0.698132 -0.030659 -0.036102 
0.331302 -0.017297 0.105069 
0.175669 -0.021338 0.168243 
0.085876 -0.032944 0.200162 
0.017616 -0.042994 0.212854 
-0.038471 -0.048352 0.210548 
-0.085857 -0.050370 0.195720 
-0.126120 -0.051421 0.170173 
-0.159860 -0.052157 0.135504 
-0.185571 -0.052569 0.093414 
-0.200235 -0.052681 0.046073 
-0.200893 -0.052827 -0.003532 
-0.185252 -0.053333 -0.051586 
-0.150602 -0.054536 -0.093658 
-0.090532 -0.057730 -0.124737 
0.012329 -0.064787 -0.138108 
0.200827 -0.078114 -0.119619 
0.542687 -0.100700 -0.030801 
0.698132 -0.134685 0.143203 
0.698132 -0.083516 0.349245 
0.698132 -0.104555 0.554483 
0.698132 -0.220634 0.759014 
0.520978 -0.211179 0.929821 
0.362052 -0.159144 1.043850 
0.303307 -0.122186 1.125405 
0.264445 -0.101142 1.194747 
0.226883 -0.089263 1.254860 
0.193547 -0.083656 1.306133 
0.170732 -0.086355 1.350733 
0.161056 -0.104095 1.391385 
0.158720 -0.126506 1.430194 
0.167381 -0.126423 1.470065 
0.189593 -0.077938 1.513814 
0.223724 -0.012456 1.564257 
0.263098 0.012356 1.623637 
0.295069 -0.014306 1.693690 
0.327228 -0.072511 1.773624 
0.346359 -0.116743 1.859368 
0.293793 -0.135702 1.938929 
0.219273 -0.122059 2.002191 
-0.042970 -0.234642 2.058421 
-0.458673 -0.360762 2.037697 
-0.698132 0.175523 1.831299 
-0.698132 0.695254 1.558591 
-0.698132 0.698132 1.285884 
-0.698132 0.698132 1.013177 
-0.673041 0.698132 0.747417 
-0.698132 0.698132 0.481658 
