0 12.000000 
1 12.000000 
2 14.215585 
3 15.736755 
4 16.000000 
5 16.000000 
6 16.000000 
7 16.000000 
8 16.000000 
9 16.000000 
10 16.000000 
11 16.000000 
12 16.000000 
13 16.000000 
14 16.000000 
15 16.000000 
16 16.000000 
17 16.000000 
18 16.000000 
19 16.000000 
20 16.000000 
21 15.874458 
22 15.889489 
23 16.000000 
24 16.000000 
25 16.000000 
26 16.000000 
27 16.000000 
28 16.000000 
29 16.000000 
30 16.000000 
31 16.000000 
32 16.000000 
33 16.000000 
34 16.000000 
35 16.000000 
36 16.000000 
37 15.994380 
38 15.747556 
39 15.299901 
40 14.678498 
41 13.941879 
42 13.132904 
43 12.374015 
44 12.000000 
45 12.000000 
46 12.000000 
47 12.000000 
48 12.000000 
49 12.000000 
50 12.000000 
