0 0.000000 
1 5.680988 
2 3.900435 
3 0.674988 
4 -0.000000 
5 -0.000000 
6 -0.000000 
7 0.000000 
8 0.000000 
9 0.000000 
10 -0.000000 
11 -0.000000 
12 -0.000000 
13 0.000000 
14 0.000000 
15 -0.000000 
16 -0.000000 
17 0.000000 
18 -0.000000 
19 0.000000 
20 -0.321902 
21 0.038539 
22 0.283362 
23 0.000000 
24 0.000000 
25 -0.000000 
26 -0.000000 
27 0.000000 
28 0.000000 
29 0.000000 
30 0.000000 
31 0.000000 
32 0.000000 
33 -0.000000 
34 0.000000 
35 -0.000000 
36 -0.014411 
37 -0.632881 
38 -1.147835 
39 -1.593340 
40 -1.888767 
41 -2.074295 
42 -1.945869 
43 -0.959013 
44 -0.000000 
45 -0.000000 
46 0.000000 
47 -0.000000 
48 0.000000 
49 0.000000 
