-30.000000 -10.000000 30.000000 
-27.739300 -6.209228 30.111238 
-24.968224 -2.178185 30.352275 
-21.590145 2.304434 30.648891 
-17.958608 6.908913 31.003170 
-14.270919 11.484059 31.380910 
-10.572239 16.050159 31.760781 
-6.893107 20.632204 32.136748 
-3.260535 25.251197 32.513997 
0.300745 29.925356 32.892215 
3.767359 34.670558 33.264143 
7.116495 39.500009 33.628537 
10.325771 44.423829 33.990789 
13.373819 49.448845 34.357104 
16.241250 54.578324 34.731945 
18.911324 59.812222 35.116051 
21.365085 65.136943 35.505391 
23.576521 70.505955 35.891894 
25.527529 75.857808 36.267240 
27.222366 81.142285 36.626018 
28.687021 86.318922 36.965658 
29.967662 91.355806 37.285912 
31.128682 96.228713 37.588343 
32.251376 100.920608 37.876116 
33.434698 105.421143 38.154374 
34.799680 109.725892 38.419475 
36.487297 113.827979 38.631596 
38.604013 117.699287 38.768268 
41.138976 121.313116 38.872188 
44.027218 124.661798 38.976353 
47.205715 127.747526 39.081379 
50.622069 130.573056 39.187900 
54.236868 133.140195 39.296428 
58.019699 135.447803 39.407335 
61.945793 137.493259 39.520866 
65.993889 139.273799 39.637163 
70.144834 140.787246 39.756295 
74.380781 142.032592 39.878291 
78.684773 143.010581 40.003161 
83.040616 143.724282 40.130934 
87.432987 144.179597 40.261682 
91.847737 144.385669 40.395546 
96.272301 144.355122 40.532740 
100.696164 144.104103 40.673512 
105.111223 143.652125 40.818062 
109.511979 143.021765 40.966543 
113.895572 142.238274 41.119102 
118.261676 141.329141 41.275784 
122.612429 140.323608 41.430833 
126.953759 139.251732 41.464291 
130.895423 138.098229 39.943771 
