0 -0.136923 
1 0.006290 
2 -0.025167 
3 -0.016385 
4 -0.004512 
5 0.002539 
6 0.001065 
7 -0.002252 
8 0.001355 
9 0.004455 
10 0.002511 
11 -0.000523 
12 -0.003227 
13 -0.004491 
14 -0.003540 
15 -0.001520 
16 0.000713 
17 0.002581 
18 0.003780 
19 0.004232 
20 0.003956 
21 0.002937 
22 0.001049 
23 -0.002011 
24 0.007939 
25 0.050883 
26 0.040309 
27 0.000010 
28 -0.000313 
29 -0.000745 
30 -0.001097 
31 -0.001372 
32 -0.001558 
33 -0.001672 
34 -0.001733 
35 -0.001759 
36 -0.001766 
37 -0.001774 
38 -0.001800 
39 -0.001862 
40 -0.001974 
41 -0.002128 
42 -0.002276 
43 -0.002377 
44 -0.002464 
45 -0.002558 
46 -0.002519 
47 0.004529 
48 0.145147 
49 1.845115 
