0 0.000000 
1 -0.050388 
2 -0.048073 
3 -0.057334 
4 -0.063364 
5 -0.065024 
6 -0.064090 
7 -0.063698 
8 -0.064527 
9 -0.064028 
10 -0.062389 
11 -0.061465 
12 -0.061657 
13 -0.062845 
14 -0.064498 
15 -0.065800 
16 -0.066360 
17 -0.066097 
18 -0.065148 
19 -0.063757 
20 -0.062199 
21 -0.060744 
22 -0.059663 
23 -0.059277 
24 -0.060017 
25 -0.057095 
26 -0.038370 
27 -0.023537 
28 -0.023533 
29 -0.023648 
30 -0.023922 
31 -0.024326 
32 -0.024831 
33 -0.025404 
34 -0.026019 
35 -0.026657 
36 -0.027304 
37 -0.027954 
38 -0.028607 
39 -0.029269 
40 -0.029955 
41 -0.030681 
42 -0.031464 
43 -0.032302 
44 -0.033176 
45 -0.034083 
46 -0.035024 
47 -0.035951 
48 -0.034285 
49 0.019129 
50 0.698132 
