0 0.000000 
1 -0.275138 
2 -0.162046 
3 -0.089608 
4 -0.044217 
5 -0.009570 
6 0.019289 
7 0.044371 
8 0.066900 
9 0.087607 
10 0.106822 
11 0.124510 
12 0.140307 
13 0.153745 
14 0.164832 
15 0.173353 
16 0.177603 
17 0.175216 
18 0.163801 
19 0.141494 
20 0.107270 
21 0.060732 
22 0.001516 
23 -0.071342 
24 -0.160301 
25 -0.267539 
26 -0.361823 
27 -0.359039 
28 -0.321138 
29 -0.282426 
30 -0.252488 
31 -0.234001 
32 -0.223274 
33 -0.216653 
34 -0.212153 
35 -0.208668 
36 -0.205426 
37 -0.201799 
38 -0.197249 
39 -0.191320 
40 -0.183639 
41 -0.173935 
42 -0.162050 
43 -0.147949 
44 -0.131704 
45 -0.113465 
46 -0.093451 
47 -0.071942 
48 -0.049263 
49 -0.026035 
50 -0.698132 
