0 -0.747658 
1 0.307316 
2 0.196842 
3 0.123346 
4 0.094148 
5 0.078423 
6 0.068157 
7 0.061219 
8 0.056271 
9 0.052214 
10 0.048064 
11 0.042927 
12 0.036516 
13 0.030130 
14 0.023153 
15 0.011549 
16 -0.006485 
17 -0.031019 
18 -0.060618 
19 -0.092999 
20 -0.126462 
21 -0.160912 
22 -0.197985 
23 -0.241737 
24 -0.291406 
25 -0.256207 
26 0.007566 
27 0.102990 
28 0.105197 
29 0.081351 
30 0.050236 
31 0.029151 
32 0.017991 
33 0.012228 
34 0.009470 
35 0.008811 
36 0.009857 
37 0.012363 
38 0.016112 
39 0.020872 
40 0.026370 
41 0.032296 
42 0.038316 
43 0.044144 
44 0.049563 
45 0.054386 
46 0.058449 
47 0.061627 
48 0.063120 
49 -1.826350 
