0 1.047198 
1 1.004465 
2 0.942234 
3 0.911601 
4 0.896149 
5 0.889961 
6 0.891079 
7 0.898402 
8 0.911211 
9 0.929014 
10 0.951443 
11 0.978166 
12 1.008799 
13 1.042862 
14 1.079802 
15 1.118990 
16 1.159560 
17 1.200409 
18 1.240053 
19 1.276395 
20 1.306758 
21 1.327891 
22 1.335883 
23 1.325966 
24 1.292144 
25 1.227047 
26 1.127882 
27 1.013400 
28 0.907065 
29 0.813303 
30 0.729827 
31 0.653776 
32 0.582424 
33 0.513914 
34 0.447236 
35 0.381872 
36 0.317613 
37 0.254470 
38 0.192642 
39 0.132485 
40 0.074484 
41 0.019226 
42 -0.032641 
43 -0.080444 
44 -0.123518 
45 -0.161240 
46 -0.193044 
47 -0.218443 
48 -0.237044 
49 -0.248593 
50 -0.370250 
