0.000000 0.000000 1.047198 
-0.275138 -0.050388 1.004465 
-0.162046 -0.048073 0.942234 
-0.089608 -0.057334 0.911601 
-0.044217 -0.063364 0.896149 
-0.009570 -0.065024 0.889961 
0.019289 -0.064090 0.891079 
0.044371 -0.063698 0.898402 
0.066900 -0.064527 0.911211 
0.087607 -0.064028 0.929014 
0.106822 -0.062389 0.951443 
0.124510 -0.061465 0.978166 
0.140307 -0.061657 1.008799 
0.153745 -0.062845 1.042862 
0.164832 -0.064498 1.079802 
0.173353 -0.065800 1.118990 
0.177603 -0.066360 1.159560 
0.175216 -0.066097 1.200409 
0.163801 -0.065148 1.240053 
0.141494 -0.063757 1.276395 
0.107270 -0.062199 1.306758 
0.060732 -0.060744 1.327891 
0.001516 -0.059663 1.335883 
-0.071342 -0.059277 1.325966 
-0.160301 -0.060017 1.292144 
-0.267539 -0.057095 1.227047 
-0.361823 -0.038370 1.127882 
-0.359039 -0.023537 1.013400 
-0.321138 -0.023533 0.907065 
-0.282426 -0.023648 0.813303 
-0.252488 -0.023922 0.729827 
-0.234001 -0.024326 0.653776 
-0.223274 -0.024831 0.582424 
-0.216653 -0.025404 0.513914 
-0.212153 -0.026019 0.447236 
-0.208668 -0.026657 0.381872 
-0.205426 -0.027304 0.317613 
-0.201799 -0.027954 0.254470 
-0.197249 -0.028607 0.192642 
-0.191320 -0.029269 0.132485 
-0.183639 -0.029955 0.074484 
-0.173935 -0.030681 0.019226 
-0.162050 -0.031464 -0.032641 
-0.147949 -0.032302 -0.080444 
-0.131704 -0.033176 -0.123518 
-0.113465 -0.034083 -0.161240 
-0.093451 -0.035024 -0.193044 
-0.071942 -0.035951 -0.218443 
-0.049263 -0.034285 -0.237044 
-0.026035 0.019129 -0.248593 
-0.698132 0.698132 -0.370250 
