0 12.000000 
1 12.000000 
2 14.620102 
3 15.928598 
4 16.000000 
5 16.000000 
6 16.000000 
7 16.000000 
8 16.000000 
9 16.000000 
10 16.000000 
11 16.000000 
12 16.000000 
13 16.000000 
14 16.000000 
15 16.000000 
16 15.934836 
17 15.694537 
18 15.331313 
19 14.887822 
20 14.396764 
21 13.882682 
22 13.366483 
23 12.872640 
24 12.438902 
25 12.128837 
26 12.000000 
27 12.000000 
28 12.000000 
29 12.000000 
30 12.000000 
31 12.000000 
32 12.000000 
33 12.000000 
34 12.000000 
35 12.000000 
36 12.000000 
37 12.000000 
38 12.000000 
39 12.000000 
40 12.000000 
41 12.000000 
42 12.000000 
43 12.000000 
44 12.000000 
45 12.000000 
46 12.000000 
47 12.000000 
48 12.000000 
49 12.000000 
50 12.000000 
