0 0.000000 
1 7.119842 
2 3.555696 
3 0.194027 
4 0.000000 
5 -0.000000 
6 -0.000000 
7 0.000000 
8 0.000000 
9 0.000000 
10 -0.000000 
11 0.000000 
12 0.000000 
13 -0.000000 
14 0.000000 
15 -0.177076 
16 -0.652986 
17 -0.987023 
18 -1.205138 
19 -1.334396 
20 -1.396962 
21 -1.402715 
22 -1.341966 
23 -1.178633 
24 -0.842570 
25 -0.350099 
26 -0.000000 
27 0.000000 
28 0.000000 
29 -0.000000 
30 0.000000 
31 0.000000 
32 -0.000000 
33 -0.000000 
34 -0.000000 
35 0.000000 
36 -0.000000 
37 -0.000000 
38 -0.000000 
39 0.000000 
40 -0.000000 
41 -0.000000 
42 0.000000 
43 -0.000000 
44 -0.000000 
45 -0.000000 
46 0.000000 
47 -0.000000 
48 0.000000 
49 0.000000 
