 10  10  10  10  10  10  10  10  10  10  10  10  10  10  10  10  10  10  10  10  10  10  10  10  10  10  10  10  10  10  10  10  10  10  10  10  10  10  10  10  10  10  10  10  10  10  10  10  10  10  10  10  10  10  10  10  10  10  10  10  10  10  10  10  10  10  10  10  10  10  10  10  10  10  10  10  10  10  10  10  10  10  10  10  10  10  10  10  10  10  10  10  10  10  10  10  10  10  10  10
 45  45  45  45  45  45  45  45  45  45  45  45  45  45  45  45  45  45  45  45  45  45  45  45  45  45  45  45  45  45  45  45  45  45  45  45  45  45  45  45  45  45  45  45  45  45  45  45  45  45  45  45  45  45  45  45  45  45  45  45  45  45  45  45  45  45  45  45  45  45  45  45  45  45  45  45  45  45  45  45  45  45  45  45  45  45  45  45  45  45  45  45  45  45  45  45  45  45  45  45
 50  50  50  50  50  50  50  50  50  50  50  50  50  50  50  50  50  50  50  50  50  50  50  50  50  50  50  50  50  50  50  50  50  50  50  50  50  50  50  50  50  50  50  50  50  50  50  50  50  50  50  50  50  50  50  50  50  50  50  50  50  50  50  50  50  50  50  50  50  50  50  50  50  50  50  50  50  50  50  50  50  50  50  50  50  50  50  50  50  50  50  50  50  50  50  50  50  50  50  50
 70  70  70  70  70  70  70  70  70  70  70  70  70  70  70  70  70  70  70  70  70  70  70  70  70  70  70  70  70  70  70  70  70  70  70  70  70  70  70  70  70  70  70  70  70  70  70  70  70  70  70  70  70  70  70  70  70  70  70  70  70  70  70  70  70  70  70  70  70  70  70  70  70  70  70  70  70  70  70  70  70  70  70  70  70  70  70  70  70  70  70  70  70  70  70  70  70  70  70  70
110 110 110 110 110 110 110 110 110 110 110 110 110 110 110 110 110 110 110 110 110 110 110 110 110 110 110 110 110 110 110 110 110 110 110 110 110 110 110 110 110 110 110 110 110 110 110 110 110 110 110 110 110 110 110 110 110 110 110 110 110 110 110 110 110 110 110 110 110 110 110 110 110 110 110 110 110 110 110 110 110 110 110 110 110 110 110 110 110 110 110 110 110 110 110 110 110 110 110 110
 15  15  15  15  15  15  15  15  15  15  15  15  15  15  15  15  15  15  15  15  15  15  15  15  15  15  15  15  15  15  15  15  15  15  15  15  15  15  15  15  15  15  15  15  15  15  15  15  15  15  15  15  15  15  15  15  15  15  15  15  15  15  15  15  15  15  15  15  15  15  15  15  15  15  15  15  15  15  15  15  15  15  15  15  15  15  15  15  15  15  15  15  15  15  15  15  15  15  15  15
 40  40  40  40  40  40  40  40  40  40  40  40  40  40  40  40  40  40  40  40  40  40  40  40  40  40  40  40  40  40  40  40  40  40  40  40  40  40  40  40  40  40  40  40  40  40  40  40  40  40  40  40  40  40  40  40  40  40  40  40  40  40  40  40  40  40  40  40  40  40  40  40  40  40  40  40  40  40  40  40  40  40  40  40  40  40  40  40  40  40  40  40  40  40  40  40  40  40  40  40
 60  60  60  60  60  60  60  60  60  60  60  60  60  60  60  60  60  60  60  60  60  60  60  60  60  60  60  60  60  60  60  60  60  60  60  60  60  60  60  60  60  60  60  60  60  60  60  60  60  60  60  60  60  60  60  60  60  60  60  60  60  60  60  60  60  60  60  60  60  60  60  60  60  60  60  60  60  60  60  60  60  60  60  60  60  60  60  60  60  60  60  60  60  60  60  60  60  60  60  60
100 100 100 100 100 100 100 100 100 100 100 100 100 100 100 100 100 100 100 100 100 100 100 100 100 100 100 100 100 100 100 100 100 100 100 100 100 100 100 100 100 100 100 100 100 100 100 100 100 100 100 100 100 100 100 100 100 100 100 100 100 100 100 100 100 100 100 100 100 100 100 100 100 100 100 100 100 100 100 100 100 100 100 100 100 100 100 100 100 100 100 100 100 100 100 100 100 100 100 100
120 120 120 120 120 120 120 120 120 120 120 120 120 120 120 120 120 120 120 120 120 120 120 120 120 120 120 120 120 120 120 120 120 120 120 120 120 120 120 120 120 120 120 120 120 120 120 120 120 120 120 120 120 120 120 120 120 120 120 120 120 120 120 120 120 120 120 120 120 120 120 120 120 120 120 120 120 120 120 120 120 120 120 120 120 120 120 120 120 120 120 120 120 120 120 120 120 120 120 120
 80  80  80  80  80  80  80  80  80  80  80  80  80  80  80  80  80  80  80  80  80  80  80  80  80  80  80  80  80  80  80  80  80  80  80  80  80  80  80  80  80  80  80  80  80  80  80  80  80  80  80  80  80  80  80  80  80  80  80  80  80  80  80  80  80  80  80  80  80  80  80  80  80  80  80  80  80  80  80  80  80  80  80  80  80  80  80  80  80  80  80  80  80  80  80  80  80  80  80  80
100 100 100 100 100 100 100 100 100 100 100 100 100 100 100 100 100 100 100 100 100 100 100 100 100 100 100 100 100 100 100 100 100 100 100 100 100 100 100 100 100 100 100 100 100 100 100 100 100 100 100 100 100 100 100 100 100 100 100 100 100 100 100 100 100 100 100 100 100 100 100 100 100 100 100 100 100 100 100 100 100 100 100 100 100 100 100 100 100 100 100 100 100 100 100 100 100 100 100 100
  0   0   0   0   0   0   0   0   0   0   0   0   0   0   0   0   0   0   0   0   0   0   0   0   0   0   0   0   0   0   0   0   0   0   0   0   0   0   0   0   0   0   0   0   0   0   0   0   0   0   0   0   0   0   0   0   0   0   0   0   0   0   0   0   0   0   0   0   0   0   0   0   0   0   0   0   0   0   0   0   0   0   0   0   0   0   0   0   0   0   0   0   0   0   0   0   0   0   0   0