5.000000 130.000000 30.000000 
6.367828 130.964596 29.876648 
7.828136 131.830207 29.634185 
9.429333 132.586312 29.392597 
11.161074 133.220478 29.144672 
13.009970 133.724204 28.890045 
14.957049 134.107410 28.628048 
16.981836 134.400894 28.358363 
19.068785 134.625389 28.081565 
21.205042 134.792410 27.798948 
23.378824 134.909909 27.512107 
25.578969 134.984187 27.222776 
27.794796 135.020531 26.932767 
30.016030 135.023498 26.643871 
32.237406 134.997044 26.356943 
34.458565 134.944533 26.071908 
36.679284 134.868777 25.788668 
38.899412 134.772088 25.507155 
41.118840 134.656311 25.227322 
43.337483 134.522849 24.949136 
45.555261 134.372684 24.672572 
47.772088 134.206388 24.397613 
49.987857 134.024134 24.124242 
52.202428 133.825703 23.852441 
54.415620 133.610486 23.582188 
56.627195 133.377485 23.313454 
58.836845 133.125316 23.046200 
61.044174 132.852200 22.780373 
63.248680 132.555956 22.515901 
65.449728 132.233992 22.252720 
67.644611 131.883574 21.991124 
69.828409 131.501847 21.731776 
71.996063 131.085501 21.475305 
74.142634 130.630650 21.222197 
76.263247 130.132732 20.972780 
78.353008 129.586338 20.727193 
80.406884 128.984978 20.485495 
82.418873 128.321651 20.240205 
84.383889 127.592086 19.985459 
86.301108 126.799149 19.730605 
88.170937 125.948968 19.483006 
89.993204 125.047743 19.242196 
91.767827 124.100881 19.007943 
93.494778 123.113110 18.780061 
95.174087 122.088580 18.558391 
96.805843 121.030928 18.342785 
98.390194 119.943337 18.133101 
99.927347 118.828565 17.929187 
101.417565 117.688981 17.730879 
102.861168 116.526585 17.537995 
104.258525 115.343025 17.350328 
105.610057 114.139615 17.167647 
106.916229 112.917347 16.989691 
108.177547 111.676902 16.816171 
109.394557 110.418659 16.646763 
110.567837 109.142707 16.481113 
111.697998 107.848852 16.318832 
112.785675 106.536624 16.159496 
113.831530 105.205291 16.002645 
114.836244 103.853860 15.847780 
115.800520 102.481092 15.694366 
116.725076 101.085504 15.541832 
117.610334 99.665859 15.389684 
118.455833 98.222167 15.237685 
119.260528 96.755331 15.085788 
120.023353 95.266284 14.933967 
120.743236 93.756005 14.782199 
121.419110 92.225524 14.630465 
122.049932 90.675929 14.478746 
122.634699 89.108376 14.327031 
123.172466 87.524084 14.175308 
123.662366 85.924346 14.023572 
124.103630 84.310518 13.871816 
124.495626 82.684032 13.719939 
124.837996 81.046397 13.567886 
125.130851 79.399186 13.415823 
125.374606 77.743983 13.263888 
125.569870 76.082346 13.112098 
125.717423 74.415778 12.960470 
125.818222 72.745711 12.809018 
125.873395 71.073495 12.657760 
125.884231 69.400382 12.506709 
125.852179 67.727517 12.355880 
125.778834 66.055929 12.205286 
125.665928 64.386522 12.054936 
125.515317 62.720066 11.904837 
125.328968 61.057202 11.754995 
125.108949 59.398429 11.605409 
124.857412 57.744117 11.456078 
124.576587 56.094498 11.306993 
124.268764 54.449678 11.158146 
123.936290 52.809640 11.009522 
123.581550 51.174252 10.861103 
123.206969 49.543275 10.712868 
122.814997 47.916374 10.564793 
122.408104 46.293126 10.416850 
121.988778 44.673033 10.269015 
121.559516 43.055529 10.121342 
121.122784 41.439860 9.975477 
120.680450 39.823064 9.864373 
120.248168 38.329279 10.389871 
