0 0.000000 
1 0.147112 
2 0.136591 
3 0.134521 
4 0.132673 
5 0.131466 
6 0.131030 
7 0.131069 
8 0.131150 
9 0.131114 
10 0.130897 
11 0.130462 
12 0.129783 
13 0.128885 
14 0.128007 
15 0.127181 
16 0.126391 
17 0.125626 
18 0.124879 
19 0.124145 
20 0.123419 
21 0.122701 
22 0.121990 
23 0.121289 
24 0.120598 
25 0.119922 
26 0.119267 
27 0.118639 
28 0.118048 
29 0.117479 
30 0.116829 
31 0.116081 
32 0.115265 
33 0.114418 
34 0.113586 
35 0.112828 
36 0.112084 
37 0.118455 
38 0.123422 
39 0.121011 
40 0.118901 
41 0.116895 
42 0.114970 
43 0.113111 
44 0.111303 
45 0.109539 
46 0.107816 
47 0.106133 
48 0.104491 
49 0.102893 
50 0.101347 
51 0.099860 
52 0.098440 
53 0.097098 
54 0.095846 
55 0.094697 
56 0.093663 
57 0.092759 
58 0.092001 
59 0.091403 
60 0.090982 
61 0.090743 
62 0.090634 
63 0.090565 
64 0.090512 
65 0.090474 
66 0.090449 
67 0.090434 
68 0.090429 
69 0.090431 
70 0.090438 
71 0.090447 
72 0.090461 
73 0.090592 
74 0.090672 
75 0.090603 
76 0.090520 
77 0.090428 
78 0.090327 
79 0.090217 
80 0.090097 
81 0.089968 
82 0.089832 
83 0.089688 
84 0.089540 
85 0.089387 
86 0.089234 
87 0.089081 
88 0.088930 
89 0.088785 
90 0.088647 
91 0.088518 
92 0.088402 
93 0.088298 
94 0.088211 
95 0.088140 
96 0.088082 
97 0.087947 
98 0.085922 
99 0.046450 
100 -0.698132 
