0 1.050802 
1 -0.075151 
2 -0.014790 
3 -0.013196 
4 -0.008620 
5 -0.003117 
6 0.000276 
7 0.000583 
8 -0.000256 
9 -0.001554 
10 -0.003103 
11 -0.004854 
12 -0.006412 
13 -0.006275 
14 -0.005899 
15 -0.005643 
16 -0.005461 
17 -0.005336 
18 -0.005248 
19 -0.005183 
20 -0.005128 
21 -0.005075 
22 -0.005013 
23 -0.004933 
24 -0.004826 
25 -0.004680 
26 -0.004486 
27 -0.004223 
28 -0.004060 
29 -0.004646 
30 -0.005341 
31 -0.005830 
32 -0.006050 
33 -0.005946 
34 -0.005411 
35 -0.005315 
36 0.045510 
37 0.035476 
38 -0.017219 
39 -0.015074 
40 -0.014331 
41 -0.013744 
42 -0.013285 
43 -0.012913 
44 -0.012596 
45 -0.012307 
46 -0.012025 
47 -0.011731 
48 -0.011409 
49 -0.011044 
50 -0.010626 
51 -0.010142 
52 -0.009583 
53 -0.008942 
54 -0.008211 
55 -0.007384 
56 -0.006454 
57 -0.005418 
58 -0.004269 
59 -0.003007 
60 -0.001709 
61 -0.000777 
62 -0.000494 
63 -0.000377 
64 -0.000273 
65 -0.000181 
66 -0.000102 
67 -0.000037 
68 0.000014 
69 0.000048 
70 0.000067 
71 0.000099 
72 0.000931 
73 0.000578 
74 -0.000497 
75 -0.000591 
76 -0.000655 
77 -0.000721 
78 -0.000789 
79 -0.000856 
80 -0.000919 
81 -0.000976 
82 -0.001024 
83 -0.001062 
84 -0.001087 
85 -0.001098 
86 -0.001094 
87 -0.001074 
88 -0.001038 
89 -0.000986 
90 -0.000918 
91 -0.000835 
92 -0.000737 
93 -0.000627 
94 -0.000507 
95 -0.000412 
96 -0.000967 
97 -0.014465 
98 -0.281944 
99 -5.318437 
