0 0.000000 
1 -0.698132 
2 -0.698132 
3 -0.698132 
4 -0.698132 
5 -0.641449 
6 -0.467472 
7 -0.367123 
8 -0.305127 
9 -0.259424 
10 -0.223283 
11 -0.193898 
12 -0.169723 
13 -0.149691 
14 -0.132790 
15 -0.118594 
16 -0.106893 
17 -0.097536 
18 -0.090411 
19 -0.085432 
20 -0.082539 
21 -0.081688 
22 -0.082852 
23 -0.086015 
24 -0.091174 
25 -0.098338 
26 -0.107530 
27 -0.118787 
28 -0.132169 
29 -0.147805 
30 -0.166024 
31 -0.187129 
32 -0.211452 
33 -0.239460 
34 -0.271846 
35 -0.309664 
36 -0.353716 
37 -0.389484 
38 -0.376478 
39 -0.351149 
40 -0.328775 
41 -0.309637 
42 -0.293225 
43 -0.279139 
44 -0.267080 
45 -0.256815 
46 -0.248158 
47 -0.240954 
48 -0.235070 
49 -0.230391 
50 -0.226809 
51 -0.224226 
52 -0.222545 
53 -0.221673 
54 -0.221514 
55 -0.221970 
56 -0.222941 
57 -0.224322 
58 -0.226002 
59 -0.227868 
60 -0.229803 
61 -0.231719 
62 -0.233677 
63 -0.235839 
64 -0.238192 
65 -0.240666 
66 -0.243188 
67 -0.245683 
68 -0.248077 
69 -0.250294 
70 -0.252258 
71 -0.253896 
72 -0.255120 
73 -0.255338 
74 -0.253044 
75 -0.249654 
76 -0.245664 
77 -0.241064 
78 -0.235840 
79 -0.229984 
80 -0.223496 
81 -0.216384 
82 -0.208661 
83 -0.200346 
84 -0.191463 
85 -0.182041 
86 -0.172110 
87 -0.161702 
88 -0.150854 
89 -0.139601 
90 -0.127980 
91 -0.116027 
92 -0.103780 
93 -0.091274 
94 -0.078545 
95 -0.065630 
96 -0.052562 
97 -0.039377 
98 -0.026104 
99 -0.013052 
100 -0.698132 
