0 -4.986655 
1 -0.000000 
2 -0.000000 
3 -0.000000 
4 0.404879 
5 1.242687 
6 0.716782 
7 0.442826 
8 0.326450 
9 0.258149 
10 0.209895 
11 0.172678 
12 0.143085 
13 0.120722 
14 0.101404 
15 0.083575 
16 0.066833 
17 0.050899 
18 0.035563 
19 0.020665 
20 0.006074 
21 -0.008314 
22 -0.022593 
23 -0.036850 
24 -0.051172 
25 -0.065655 
26 -0.080410 
27 -0.095579 
28 -0.111686 
29 -0.130142 
30 -0.150744 
31 -0.173735 
32 -0.200062 
33 -0.231330 
34 -0.270129 
35 -0.314651 
36 -0.255486 
37 0.092897 
38 0.180921 
39 0.159814 
40 0.136703 
41 0.117226 
42 0.100612 
43 0.086138 
44 0.073322 
45 0.061838 
46 0.051458 
47 0.042024 
48 0.033424 
49 0.025583 
50 0.018452 
51 0.012004 
52 0.006231 
53 0.001137 
54 -0.003261 
55 -0.006937 
56 -0.009861 
57 -0.012001 
58 -0.013327 
59 -0.013821 
60 -0.013691 
61 -0.013983 
62 -0.015443 
63 -0.016809 
64 -0.017671 
65 -0.018012 
66 -0.017823 
67 -0.017099 
68 -0.015835 
69 -0.014032 
70 -0.011695 
71 -0.008748 
72 -0.001552 
73 0.016387 
74 0.024215 
75 0.028497 
76 0.032854 
77 0.037317 
78 0.041830 
79 0.046342 
80 0.050802 
81 0.055165 
82 0.059391 
83 0.063446 
84 0.067303 
85 0.070939 
86 0.074338 
87 0.077487 
88 0.080379 
89 0.083009 
90 0.085377 
91 0.087482 
92 0.089328 
93 0.090917 
94 0.092252 
95 0.093340 
96 0.094183 
97 0.094804 
98 0.093234 
99 -4.893429 
