0 0.628319 
1 0.583694 
2 0.487809 
3 0.395802 
4 0.307435 
5 0.227092 
6 0.166180 
7 0.124005 
8 0.091636 
9 0.065324 
10 0.043345 
11 0.024657 
12 0.008533 
13 -0.005562 
14 -0.018003 
15 -0.029060 
16 -0.038967 
17 -0.047942 
18 -0.056189 
19 -0.063902 
20 -0.071268 
21 -0.078469 
22 -0.085684 
23 -0.093090 
24 -0.100862 
25 -0.109178 
26 -0.118217 
27 -0.128161 
28 -0.139199 
29 -0.151528 
30 -0.165385 
31 -0.181055 
32 -0.198871 
33 -0.219226 
34 -0.242595 
35 -0.269580 
36 -0.300932 
37 -0.336753 
38 -0.374147 
39 -0.409848 
40 -0.443354 
41 -0.474996 
42 -0.505086 
43 -0.533886 
44 -0.561618 
45 -0.588476 
46 -0.614633 
47 -0.640243 
48 -0.665449 
49 -0.690379 
50 -0.715152 
51 -0.739873 
52 -0.764642 
53 -0.789542 
54 -0.814650 
55 -0.840026 
56 -0.865719 
57 -0.891759 
58 -0.918162 
59 -0.944924 
60 -0.972023 
61 -0.999416 
62 -1.027065 
63 -1.054968 
64 -1.083150 
65 -1.111630 
66 -1.140418 
67 -1.169518 
68 -1.198920 
69 -1.228609 
70 -1.258557 
71 -1.288730 
72 -1.319081 
73 -1.349521 
74 -1.379833 
75 -1.409790 
76 -1.439289 
77 -1.468256 
78 -1.496615 
79 -1.524290 
80 -1.551206 
81 -1.577288 
82 -1.602463 
83 -1.626660 
84 -1.649812 
85 -1.671857 
86 -1.692735 
87 -1.712390 
88 -1.730773 
89 -1.747836 
90 -1.763539 
91 -1.777844 
92 -1.790718 
93 -1.802133 
94 -1.812063 
95 -1.820488 
96 -1.827390 
97 -1.832757 
98 -1.836579 
99 -1.838863 
100 -1.884318 
