0.000000 0.000000 0.628319 
-0.698132 0.147112 0.583694 
-0.698132 0.136591 0.487809 
-0.698132 0.134521 0.395802 
-0.698132 0.132673 0.307435 
-0.641449 0.131466 0.227092 
-0.467472 0.131030 0.166180 
-0.367123 0.131069 0.124005 
-0.305127 0.131150 0.091636 
-0.259424 0.131114 0.065324 
-0.223283 0.130897 0.043345 
-0.193898 0.130462 0.024657 
-0.169723 0.129783 0.008533 
-0.149691 0.128885 -0.005562 
-0.132790 0.128007 -0.018003 
-0.118594 0.127181 -0.029060 
-0.106893 0.126391 -0.038967 
-0.097536 0.125626 -0.047942 
-0.090411 0.124879 -0.056189 
-0.085432 0.124145 -0.063902 
-0.082539 0.123419 -0.071268 
-0.081688 0.122701 -0.078469 
-0.082852 0.121990 -0.085684 
-0.086015 0.121289 -0.093090 
-0.091174 0.120598 -0.100862 
-0.098338 0.119922 -0.109178 
-0.107530 0.119267 -0.118217 
-0.118787 0.118639 -0.128161 
-0.132169 0.118048 -0.139199 
-0.147805 0.117479 -0.151528 
-0.166024 0.116829 -0.165385 
-0.187129 0.116081 -0.181055 
-0.211452 0.115265 -0.198871 
-0.239460 0.114418 -0.219226 
-0.271846 0.113586 -0.242595 
-0.309664 0.112828 -0.269580 
-0.353716 0.112084 -0.300932 
-0.389484 0.118455 -0.336753 
-0.376478 0.123422 -0.374147 
-0.351149 0.121011 -0.409848 
-0.328775 0.118901 -0.443354 
-0.309637 0.116895 -0.474996 
-0.293225 0.114970 -0.505086 
-0.279139 0.113111 -0.533886 
-0.267080 0.111303 -0.561618 
-0.256815 0.109539 -0.588476 
-0.248158 0.107816 -0.614633 
-0.240954 0.106133 -0.640243 
-0.235070 0.104491 -0.665449 
-0.230391 0.102893 -0.690379 
-0.226809 0.101347 -0.715152 
-0.224226 0.099860 -0.739873 
-0.222545 0.098440 -0.764642 
-0.221673 0.097098 -0.789542 
-0.221514 0.095846 -0.814650 
-0.221970 0.094697 -0.840026 
-0.222941 0.093663 -0.865719 
-0.224322 0.092759 -0.891759 
-0.226002 0.092001 -0.918162 
-0.227868 0.091403 -0.944924 
-0.229803 0.090982 -0.972023 
-0.231719 0.090743 -0.999416 
-0.233677 0.090634 -1.027065 
-0.235839 0.090565 -1.054968 
-0.238192 0.090512 -1.083150 
-0.240666 0.090474 -1.111630 
-0.243188 0.090449 -1.140418 
-0.245683 0.090434 -1.169518 
-0.248077 0.090429 -1.198920 
-0.250294 0.090431 -1.228609 
-0.252258 0.090438 -1.258557 
-0.253896 0.090447 -1.288730 
-0.255120 0.090461 -1.319081 
-0.255338 0.090592 -1.349521 
-0.253044 0.090672 -1.379833 
-0.249654 0.090603 -1.409790 
-0.245664 0.090520 -1.439289 
-0.241064 0.090428 -1.468256 
-0.235840 0.090327 -1.496615 
-0.229984 0.090217 -1.524290 
-0.223496 0.090097 -1.551206 
-0.216384 0.089968 -1.577288 
-0.208661 0.089832 -1.602463 
-0.200346 0.089688 -1.626660 
-0.191463 0.089540 -1.649812 
-0.182041 0.089387 -1.671857 
-0.172110 0.089234 -1.692735 
-0.161702 0.089081 -1.712390 
-0.150854 0.088930 -1.730773 
-0.139601 0.088785 -1.747836 
-0.127980 0.088647 -1.763539 
-0.116027 0.088518 -1.777844 
-0.103780 0.088402 -1.790718 
-0.091274 0.088298 -1.802133 
-0.078545 0.088211 -1.812063 
-0.065630 0.088140 -1.820488 
-0.052562 0.088082 -1.827390 
-0.039377 0.087947 -1.832757 
-0.026104 0.085922 -1.836579 
-0.013052 0.046450 -1.838863 
-0.698132 -0.698132 -1.884318 
