0 12.000000 
1 12.000000 
2 12.506579 
3 13.032922 
4 13.558368 
5 14.065092 
6 14.534357 
7 14.948435 
8 15.298033 
9 15.579041 
10 15.789736 
11 15.929727 
12 15.999472 
13 16.000000 
14 16.000000 
15 16.000000 
16 16.000000 
17 16.000000 
18 16.000000 
19 16.000000 
20 16.000000 
21 16.000000 
22 16.000000 
23 16.000000 
24 16.000000 
25 16.000000 
26 16.000000 
27 16.000000 
28 16.000000 
29 16.000000 
30 15.971980 
31 15.914465 
32 15.830619 
33 15.723950 
34 15.598428 
35 15.458618 
36 15.309880 
37 15.158460 
38 15.007632 
39 14.855631 
40 14.701538 
41 14.544777 
42 14.385170 
43 14.222862 
44 14.058265 
45 13.892010 
46 13.724911 
47 13.557937 
48 13.392187 
49 13.228875 
50 13.069310 
51 12.914884 
52 12.767063 
53 12.627376 
54 12.497407 
55 12.378783 
56 12.273171 
57 12.182264 
58 12.107775 
59 12.051426 
60 12.014933 
61 12.000000 
62 12.000000 
63 12.000000 
64 12.000000 
65 12.000000 
66 12.000000 
67 12.000000 
68 12.000000 
69 12.000000 
70 12.000000 
71 12.000000 
72 12.000000 
73 12.000000 
74 12.000000 
75 12.000000 
76 12.000000 
77 12.000000 
78 12.000000 
79 12.000000 
80 12.000000 
81 12.000000 
82 12.000000 
83 12.000000 
84 12.000000 
85 12.000000 
86 12.000000 
87 12.000000 
88 12.000000 
89 12.000000 
90 12.000000 
91 12.000000 
92 12.000000 
93 12.000000 
94 12.000000 
95 12.000000 
96 12.000000 
97 12.000000 
98 12.000000 
99 12.000000 
100 12.000000 
