0 0.000000 
1 3.618418 
2 3.759595 
3 3.753188 
4 3.619455 
5 3.351895 
6 2.957697 
7 2.497132 
8 2.007201 
9 1.504962 
10 0.999936 
11 0.498181 
12 0.003768 
13 0.000000 
14 0.000000 
15 -0.000000 
16 -0.000000 
17 -0.000000 
18 -0.000000 
19 -0.000000 
20 0.000000 
21 -0.000000 
22 -0.000000 
23 -0.000000 
24 -0.000000 
25 -0.000000 
26 -0.000000 
27 0.000000 
28 0.000000 
29 -0.200146 
30 -0.410815 
31 -0.598905 
32 -0.761918 
33 -0.896589 
34 -0.998638 
35 -1.062416 
36 -1.081570 
37 -1.077347 
38 -1.085721 
39 -1.100665 
40 -1.119717 
41 -1.140052 
42 -1.159343 
43 -1.175694 
44 -1.187537 
45 -1.193565 
46 -1.192673 
47 -1.183924 
48 -1.166515 
49 -1.139754 
50 -1.103043 
51 -1.055862 
52 -0.997761 
53 -0.928353 
54 -0.847312 
55 -0.754373 
56 -0.649335 
57 -0.532063 
58 -0.402498 
59 -0.260662 
60 -0.106665 
61 -0.000000 
62 -0.000000 
63 0.000000 
64 0.000000 
65 -0.000000 
66 0.000000 
67 0.000000 
68 0.000000 
69 0.000000 
70 0.000000 
71 0.000000 
72 -0.000000 
73 -0.000000 
74 0.000000 
75 0.000000 
76 0.000000 
77 0.000000 
78 0.000000 
79 -0.000000 
80 0.000000 
81 -0.000000 
82 0.000000 
83 -0.000000 
84 -0.000000 
85 -0.000000 
86 0.000000 
87 0.000000 
88 0.000000 
89 -0.000000 
90 0.000000 
91 0.000000 
92 0.000000 
93 -0.000000 
94 -0.000000 
95 -0.000000 
96 0.000000 
97 -0.000000 
98 0.000000 
99 0.000000 
