-30.000000 -10.000000 30.000000 
-28.085367 -11.334320 30.181384 
-25.955293 -12.495102 30.568407 
-23.505948 -13.455353 30.992404 
-20.782711 -14.172128 31.364515 
-17.825338 -14.612351 31.492203 
-14.626781 -14.753298 31.213177 
-11.219633 -14.602566 30.577897 
-7.746735 -14.252509 29.816464 
-4.356024 -13.785579 29.157526 
-1.107081 -13.252459 28.742747 
2.024423 -12.676751 28.618792 
5.089819 -12.066262 28.758230 
8.128612 -11.424195 29.095127 
11.159872 -10.754180 29.557466 
14.188894 -10.060415 30.085401 
17.215187 -9.346379 30.636566 
20.237008 -8.613916 31.184530 
23.252932 -7.862917 31.715035 
26.261943 -7.091341 32.222214 
29.263070 -6.295310 32.705471 
32.254984 -5.469178 33.167170 
35.235688 -4.605510 33.611039 
38.202247 -3.694995 34.041182 
41.150506 -2.726256 34.461492 
44.074677 -1.685559 34.875317 
46.966750 -0.556321 35.284318 
49.815446 0.681669 35.681890 
52.606019 2.053516 36.029542 
55.323981 3.588078 36.259985 
57.950677 5.294193 36.371990 
60.482207 7.146376 36.447239 
62.928822 9.113798 36.528337 
65.302442 11.172190 36.611185 
67.613975 13.302734 36.696162 
69.873480 15.490430 36.783099 
72.090231 17.722984 36.871737 
74.272765 19.990085 36.961829 
76.428925 22.282919 37.053191 
78.565888 24.593830 37.145698 
80.690193 26.916084 37.239263 
82.807760 29.243711 37.333894 
84.924175 31.571065 37.429728 
87.044884 33.892559 37.526696 
89.172452 36.200952 37.623928 
91.304715 38.486217 37.720157 
93.437722 40.738043 37.814612 
95.567861 42.947610 37.907036 
97.691842 45.107560 37.997322 
99.806688 47.211958 38.085386 
101.909731 49.256267 38.171157 
103.998615 51.237315 38.254701 
106.071304 53.153305 38.335197 
108.126671 55.004123 38.411121 
110.163628 56.790643 38.482591 
112.181032 58.514705 38.550461 
114.178520 60.179700 38.615036 
116.156104 61.790156 38.676652 
118.114188 63.351709 38.735666 
120.053581 64.871060 38.792452 
121.975506 66.355943 38.847405 
123.881603 67.815089 38.900946 
125.773931 69.258202 38.953510 
127.654667 70.696221 39.005439 
129.525710 72.141673 39.056883 
131.385899 73.605606 39.107895 
133.230002 75.095947 39.158508 
135.051176 76.619854 39.208759 
136.841752 78.184475 39.258684 
138.593140 79.796782 39.308325 
140.295753 81.463370 39.357724 
141.938958 83.190224 39.406927 
143.511060 84.982452 39.455978 
144.999346 86.843991 39.504923 
146.390201 88.777297 39.553804 
147.669310 90.783033 39.602661 
148.821967 92.859781 39.651528 
149.833484 95.003813 39.700435 
150.689702 97.208953 39.749402 
151.377575 99.466568 39.798449 
151.885781 101.765714 39.847601 
152.205324 104.093461 39.896892 
152.330042 106.435378 39.946358 
152.256988 108.776163 39.996039 
151.986612 111.100354 40.045974 
151.522745 113.393075 40.096204 
150.872369 115.640732 40.146764 
150.045217 117.831608 40.197691 
149.053237 119.956310 40.249019 
147.909999 122.008049 40.300781 
146.630092 123.982750 40.353008 
145.228570 125.879010 40.405734 
143.720481 127.697944 40.458987 
142.120500 129.442944 40.512801 
140.442672 131.119392 40.567208 
138.700270 132.734353 40.622238 
136.905739 134.296272 40.677874 
135.070719 135.814693 40.733466 
133.206040 137.300097 40.781173 
131.322443 138.763428 40.746665 
129.566748 140.060963 39.910162 
