0 0.000000 
1 -0.155128 
2 -0.162300 
3 -0.159295 
4 -0.104833 
5 0.019517 
6 0.171773 
7 0.265259 
8 0.262276 
9 0.190042 
10 0.090012 
11 -0.006437 
12 -0.082521 
13 -0.133711 
14 -0.162874 
15 -0.175662 
16 -0.177727 
17 -0.173608 
18 -0.166555 
19 -0.158687 
20 -0.151257 
21 -0.144902 
22 -0.139858 
23 -0.136127 
24 -0.133575 
25 -0.131986 
26 -0.130497 
27 -0.124681 
28 -0.098517 
29 -0.049343 
30 -0.022453 
31 -0.025781 
32 -0.026206 
33 -0.026905 
34 -0.027572 
35 -0.028162 
36 -0.028664 
37 -0.029095 
38 -0.029479 
39 -0.029829 
40 -0.030158 
41 -0.030512 
42 -0.030928 
43 -0.031249 
44 -0.031187 
45 -0.030831 
46 -0.030412 
47 -0.030014 
48 -0.029642 
49 -0.029285 
50 -0.028940 
51 -0.028690 
52 -0.028517 
53 -0.027828 
54 -0.026912 
55 -0.026053 
56 -0.025266 
57 -0.024553 
58 -0.023920 
59 -0.023371 
60 -0.022913 
61 -0.022553 
62 -0.022288 
63 -0.022079 
64 -0.021888 
65 -0.021711 
66 -0.021548 
67 -0.021401 
68 -0.021270 
69 -0.021158 
70 -0.021064 
71 -0.020990 
72 -0.020935 
73 -0.020899 
74 -0.020880 
75 -0.020878 
76 -0.020889 
77 -0.020911 
78 -0.020941 
79 -0.020980 
80 -0.021031 
81 -0.021098 
82 -0.021181 
83 -0.021282 
84 -0.021399 
85 -0.021532 
86 -0.021682 
87 -0.021846 
88 -0.022025 
89 -0.022217 
90 -0.022423 
91 -0.022642 
92 -0.022875 
93 -0.023121 
94 -0.023382 
95 -0.023654 
96 -0.023899 
97 -0.023617 
98 -0.017159 
99 0.046651 
100 0.698132 
