0 -0.795528 
1 -0.036783 
2 0.015412 
3 0.279295 
4 0.637689 
5 0.780801 
6 0.479414 
7 -0.015297 
8 -0.370429 
9 -0.512975 
10 -0.494609 
11 -0.390175 
12 -0.262514 
13 -0.149553 
14 -0.065582 
15 -0.010586 
16 0.021120 
17 0.036172 
18 0.040347 
19 0.038102 
20 0.032592 
21 0.025864 
22 0.019134 
23 0.013089 
24 0.008145 
25 0.007639 
26 0.029823 
27 0.134178 
28 0.252172 
29 0.137897 
30 -0.017065 
31 -0.002180 
32 -0.003583 
33 -0.003422 
34 -0.003028 
35 -0.002571 
36 -0.002210 
37 -0.001972 
38 -0.001792 
39 -0.001687 
40 -0.001820 
41 -0.002132 
42 -0.001645 
43 0.000319 
44 0.001824 
45 0.002151 
46 0.002037 
47 0.001912 
48 0.001831 
49 0.001765 
50 0.001284 
51 0.000889 
52 0.003530 
53 0.004699 
54 0.004405 
55 0.004038 
56 0.003654 
57 0.003247 
58 0.002814 
59 0.002349 
60 0.001848 
61 0.001359 
62 0.001073 
63 0.000975 
64 0.000909 
65 0.000836 
66 0.000756 
67 0.000670 
68 0.000577 
69 0.000480 
70 0.000381 
71 0.000282 
72 0.000185 
73 0.000094 
74 0.000011 
75 -0.000058 
76 -0.000112 
77 -0.000154 
78 -0.000199 
79 -0.000262 
80 -0.000342 
81 -0.000428 
82 -0.000515 
83 -0.000601 
84 -0.000685 
85 -0.000765 
86 -0.000842 
87 -0.000916 
88 -0.000987 
89 -0.001056 
90 -0.001124 
91 -0.001193 
92 -0.001264 
93 -0.001337 
94 -0.001394 
95 -0.001258 
96 0.001447 
97 0.033115 
98 0.327232 
99 3.340927 
