0 0.000000 
1 0.698132 
2 0.698132 
3 0.698132 
4 0.698132 
5 0.698132 
6 0.652610 
7 0.404174 
8 0.280609 
9 0.210651 
10 0.161117 
11 0.123996 
12 0.096075 
13 0.075570 
14 0.061357 
15 0.052701 
16 0.049130 
17 0.050358 
18 0.056248 
19 0.066781 
20 0.082049 
21 0.102261 
22 0.127767 
23 0.159111 
24 0.197129 
25 0.243122 
26 0.299196 
27 0.368834 
28 0.449632 
29 0.493071 
30 0.433298 
31 0.357543 
32 0.295079 
33 0.243022 
34 0.198547 
35 0.159851 
36 0.125737 
37 0.095378 
38 0.068194 
39 0.043772 
40 0.021822 
41 0.002138 
42 -0.015448 
43 -0.031114 
44 -0.045003 
45 -0.057203 
46 -0.067757 
47 -0.076677 
48 -0.083950 
49 -0.089543 
50 -0.093413 
51 -0.095503 
52 -0.095731 
53 -0.094009 
54 -0.090333 
55 -0.084680 
56 -0.077003 
57 -0.067273 
58 -0.055479 
59 -0.041649 
60 -0.025847 
61 -0.008190 
62 0.011164 
63 0.032064 
64 0.054433 
65 0.078203 
66 0.103291 
67 0.129600 
68 0.157008 
69 0.185368 
70 0.214491 
71 0.244147 
72 0.274057 
73 0.303881 
74 0.333215 
75 0.361590 
76 0.388478 
77 0.413304 
78 0.435466 
79 0.454364 
80 0.469436 
81 0.480192 
82 0.486248 
83 0.487352 
84 0.483409 
85 0.474475 
86 0.460755 
87 0.442578 
88 0.420364 
89 0.394594 
90 0.365770 
91 0.334390 
92 0.300921 
93 0.265786 
94 0.229354 
95 0.191937 
96 0.153797 
97 0.115145 
98 0.076155 
99 0.037931 
100 0.698132 
