0 3.580163 
1 -0.000000 
2 0.000000 
3 -0.000000 
4 0.000000 
5 -0.233443 
6 -1.274030 
7 -0.633670 
8 -0.358757 
9 -0.254021 
10 -0.190362 
11 -0.143188 
12 -0.105155 
13 -0.072885 
14 -0.044387 
15 -0.018316 
16 0.006300 
17 0.030206 
18 0.054016 
19 0.078297 
20 0.103649 
21 0.130799 
22 0.160741 
23 0.194962 
24 0.235861 
25 0.287560 
26 0.357116 
27 0.414349 
28 0.222763 
29 -0.306528 
30 -0.388486 
31 -0.320328 
32 -0.266959 
33 -0.228076 
34 -0.198440 
35 -0.174948 
36 -0.155685 
37 -0.139405 
38 -0.125240 
39 -0.112567 
40 -0.100945 
41 -0.090181 
42 -0.080341 
43 -0.071227 
44 -0.062562 
45 -0.054124 
46 -0.045744 
47 -0.037295 
48 -0.028685 
49 -0.019846 
50 -0.010718 
51 -0.001168 
52 0.008831 
53 0.018850 
54 0.028994 
55 0.039365 
56 0.049902 
57 0.060479 
58 0.070926 
59 0.081033 
60 0.090552 
61 0.099251 
62 0.107179 
63 0.114712 
64 0.121895 
65 0.128658 
66 0.134917 
67 0.140559 
68 0.145432 
69 0.149349 
70 0.152086 
71 0.153383 
72 0.152941 
73 0.150429 
74 0.145514 
75 0.137889 
76 0.127313 
77 0.113650 
78 0.096914 
79 0.077294 
80 0.055158 
81 0.031053 
82 0.005666 
83 -0.020224 
84 -0.045814 
85 -0.070357 
86 -0.093217 
87 -0.113916 
88 -0.132156 
89 -0.147815 
90 -0.160925 
91 -0.171635 
92 -0.180179 
93 -0.186831 
94 -0.191878 
95 -0.195592 
96 -0.198217 
97 -0.199944 
98 -0.196022 
99 3.385643 
