0 -0.628319 
1 -0.566163 
2 -0.435470 
3 -0.314841 
4 -0.202200 
5 -0.095242 
6 0.003516 
7 0.074999 
8 0.118431 
9 0.148967 
10 0.171880 
11 0.189371 
12 0.202837 
13 0.213322 
14 0.221679 
15 0.228635 
16 0.234843 
17 0.240907 
18 0.247404 
19 0.254903 
20 0.263977 
21 0.275220 
22 0.289268 
23 0.306821 
24 0.328688 
25 0.355846 
26 0.389558 
27 0.431580 
28 0.483988 
29 0.545487 
30 0.605893 
31 0.656544 
32 0.697686 
33 0.731242 
34 0.758572 
35 0.780637 
36 0.798155 
37 0.811683 
38 0.821674 
39 0.828504 
40 0.832503 
41 0.833962 
42 0.833148 
43 0.830294 
44 0.825603 
45 0.819253 
46 0.811401 
47 0.802195 
48 0.791781 
49 0.780312 
50 0.767949 
51 0.754875 
52 0.741304 
53 0.727533 
54 0.713884 
55 0.700663 
56 0.688193 
57 0.676830 
58 0.666952 
59 0.658959 
60 0.653253 
61 0.650228 
62 0.650247 
63 0.653613 
64 0.660546 
65 0.671253 
66 0.685962 
67 0.704903 
68 0.728300 
69 0.756360 
70 0.789272 
71 0.827202 
72 0.870277 
73 0.918579 
74 0.972130 
75 1.030872 
76 1.094653 
77 1.163212 
78 1.236162 
79 1.312985 
80 1.393032 
81 1.475532 
82 1.559617 
83 1.644343 
84 1.728733 
85 1.811815 
86 1.892657 
87 1.970402 
88 2.044289 
89 2.113670 
90 2.178015 
91 2.236901 
92 2.290012 
93 2.337116 
94 2.378052 
95 2.412718 
96 2.441051 
97 2.463018 
98 2.478603 
99 2.487882 
100 2.553408 
