0.000000 0.000000 -0.628319 
0.698132 -0.155128 -0.566163 
0.698132 -0.162300 -0.435470 
0.698132 -0.159295 -0.314841 
0.698132 -0.104833 -0.202200 
0.698132 0.019517 -0.095242 
0.652610 0.171773 0.003516 
0.404174 0.265259 0.074999 
0.280609 0.262276 0.118431 
0.210651 0.190042 0.148967 
0.161117 0.090012 0.171880 
0.123996 -0.006437 0.189371 
0.096075 -0.082521 0.202837 
0.075570 -0.133711 0.213322 
0.061357 -0.162874 0.221679 
0.052701 -0.175662 0.228635 
0.049130 -0.177727 0.234843 
0.050358 -0.173608 0.240907 
0.056248 -0.166555 0.247404 
0.066781 -0.158687 0.254903 
0.082049 -0.151257 0.263977 
0.102261 -0.144902 0.275220 
0.127767 -0.139858 0.289268 
0.159111 -0.136127 0.306821 
0.197129 -0.133575 0.328688 
0.243122 -0.131986 0.355846 
0.299196 -0.130497 0.389558 
0.368834 -0.124681 0.431580 
0.449632 -0.098517 0.483988 
0.493071 -0.049343 0.545487 
0.433298 -0.022453 0.605893 
0.357543 -0.025781 0.656544 
0.295079 -0.026206 0.697686 
0.243022 -0.026905 0.731242 
0.198547 -0.027572 0.758572 
0.159851 -0.028162 0.780637 
0.125737 -0.028664 0.798155 
0.095378 -0.029095 0.811683 
0.068194 -0.029479 0.821674 
0.043772 -0.029829 0.828504 
0.021822 -0.030158 0.832503 
0.002138 -0.030512 0.833962 
-0.015448 -0.030928 0.833148 
-0.031114 -0.031249 0.830294 
-0.045003 -0.031187 0.825603 
-0.057203 -0.030831 0.819253 
-0.067757 -0.030412 0.811401 
-0.076677 -0.030014 0.802195 
-0.083950 -0.029642 0.791781 
-0.089543 -0.029285 0.780312 
-0.093413 -0.028940 0.767949 
-0.095503 -0.028690 0.754875 
-0.095731 -0.028517 0.741304 
-0.094009 -0.027828 0.727533 
-0.090333 -0.026912 0.713884 
-0.084680 -0.026053 0.700663 
-0.077003 -0.025266 0.688193 
-0.067273 -0.024553 0.676830 
-0.055479 -0.023920 0.666952 
-0.041649 -0.023371 0.658959 
-0.025847 -0.022913 0.653253 
-0.008190 -0.022553 0.650228 
0.011164 -0.022288 0.650247 
0.032064 -0.022079 0.653613 
0.054433 -0.021888 0.660546 
0.078203 -0.021711 0.671253 
0.103291 -0.021548 0.685962 
0.129600 -0.021401 0.704903 
0.157008 -0.021270 0.728300 
0.185368 -0.021158 0.756360 
0.214491 -0.021064 0.789272 
0.244147 -0.020990 0.827202 
0.274057 -0.020935 0.870277 
0.303881 -0.020899 0.918579 
0.333215 -0.020880 0.972130 
0.361590 -0.020878 1.030872 
0.388478 -0.020889 1.094653 
0.413304 -0.020911 1.163212 
0.435466 -0.020941 1.236162 
0.454364 -0.020980 1.312985 
0.469436 -0.021031 1.393032 
0.480192 -0.021098 1.475532 
0.486248 -0.021181 1.559617 
0.487352 -0.021282 1.644343 
0.483409 -0.021399 1.728733 
0.474475 -0.021532 1.811815 
0.460755 -0.021682 1.892657 
0.442578 -0.021846 1.970402 
0.420364 -0.022025 2.044289 
0.394594 -0.022217 2.113670 
0.365770 -0.022423 2.178015 
0.334390 -0.022642 2.236901 
0.300921 -0.022875 2.290012 
0.265786 -0.023121 2.337116 
0.229354 -0.023382 2.378052 
0.191937 -0.023654 2.412718 
0.153797 -0.023899 2.441051 
0.115145 -0.023617 2.463018 
0.076155 -0.017159 2.478603 
0.037931 0.046651 2.487882 
0.698132 0.698132 2.553408 
