0 12.000000 
1 12.000000 
2 13.054331 
3 14.086838 
4 14.973972 
5 15.626302 
6 15.982531 
7 16.000000 
8 16.000000 
9 16.000000 
10 16.000000 
11 16.000000 
12 16.000000 
13 16.000000 
14 16.000000 
15 16.000000 
16 16.000000 
17 16.000000 
18 16.000000 
19 16.000000 
20 16.000000 
21 16.000000 
22 16.000000 
23 16.000000 
24 16.000000 
25 16.000000 
26 16.000000 
27 16.000000 
28 16.000000 
29 16.000000 
30 16.000000 
31 16.000000 
32 16.000000 
33 16.000000 
34 16.000000 
35 16.000000 
36 16.000000 
37 16.000000 
38 16.000000 
39 16.000000 
40 16.000000 
41 16.000000 
42 16.000000 
43 16.000000 
44 15.967350 
45 15.880513 
46 15.746637 
47 15.572618 
48 15.365070 
49 15.130305 
50 14.874324 
51 14.602808 
52 14.321176 
53 14.034786 
54 13.749009 
55 13.469020 
56 13.199792 
57 12.946138 
58 12.712754 
59 12.504266 
60 12.325292 
61 12.180502 
62 12.074679 
63 12.012781 
64 12.000000 
65 12.000000 
66 12.000000 
67 12.000000 
68 12.000000 
69 12.000000 
70 12.000000 
71 12.000000 
72 12.000000 
73 12.000000 
74 12.000000 
75 12.000000 
76 12.000000 
77 12.000000 
78 12.000000 
79 12.000000 
80 12.000000 
81 12.000000 
82 12.000000 
83 12.000000 
84 12.000000 
85 12.000000 
86 12.000000 
87 12.000000 
88 12.000000 
89 12.000000 
90 12.000000 
91 12.000000 
92 12.000000 
93 12.000000 
94 12.000000 
95 12.000000 
96 12.000000 
97 12.000000 
98 12.000000 
99 12.000000 
100 12.000000 
