-30.000000 -10.000000 30.000000 
-25.377357 -9.920953 30.238422 
-20.434175 -9.455472 30.751584 
-14.927949 -8.664180 31.352794 
-9.070578 -7.715871 32.045397 
-3.044165 -6.734247 32.803782 
3.029048 -5.802357 33.608627 
9.109872 -4.961673 34.452138 
15.188783 -4.226018 35.330923 
21.233870 -3.594429 36.235492 
27.213052 -3.043260 37.153480 
33.120285 -2.518832 38.077082 
38.970560 -1.936447 39.006576 
44.792982 -1.178321 39.953637 
50.655386 -0.091498 40.772477 
56.583017 1.467728 41.241087 
62.456964 3.496442 41.437380 
68.198729 5.863786 41.581302 
73.810236 8.442607 41.743399 
79.272211 11.132973 41.923591 
84.548968 13.859123 42.116935 
89.611028 16.574263 42.319703 
94.436037 19.259329 42.529170 
99.008768 21.921257 42.744577 
103.321319 24.591794 42.964936 
107.361291 27.325272 43.165333 
111.134103 30.212862 43.331311 
114.643150 33.383252 43.477517 
117.811573 36.951632 43.554193 
120.549773 40.972310 43.502899 
122.843238 45.378719 43.389089 
124.722941 50.036549 43.278616 
126.262379 54.827791 43.171483 
127.535446 59.666266 43.068035 
128.596707 64.497306 42.968169 
129.484002 69.289184 42.872093 
130.223317 74.027403 42.779722 
130.832742 78.711573 42.690294 
131.325388 83.353825 42.602449 
131.710852 87.978245 42.514768 
131.993883 92.603772 42.426750 
132.175519 97.233547 42.338937 
132.257459 101.865791 42.251977 
132.243242 106.498626 42.166313 
132.137997 111.130347 42.082254 
131.948735 115.759564 42.000171 
131.684600 120.385319 41.920653 
131.357083 125.007280 41.844086 
130.980010 129.625775 41.770079 
130.568859 134.239764 41.647616 
130.023046 138.446557 40.012847 
