0 -0.266923 
1 -0.000064 
2 -0.024490 
3 -0.020539 
4 -0.018157 
5 -0.016470 
6 -0.014534 
7 -0.012087 
8 -0.008924 
9 -0.005750 
10 -0.004058 
11 -0.005432 
12 -0.011093 
13 0.171418 
14 0.214079 
15 0.019322 
16 -0.017554 
17 -0.008226 
18 -0.008919 
19 -0.010599 
20 -0.011826 
21 -0.012957 
22 -0.014505 
23 -0.013548 
24 0.002797 
25 0.014537 
26 0.005294 
27 0.073186 
28 0.069103 
29 -0.000391 
30 0.001424 
31 0.001368 
32 0.001171 
33 0.000779 
34 0.000291 
35 -0.000227 
36 -0.000805 
37 -0.001465 
38 -0.002096 
39 -0.002556 
40 -0.002804 
41 -0.002880 
42 -0.002814 
43 -0.002678 
44 -0.002639 
45 -0.002630 
46 -0.002158 
47 -0.001208 
48 0.055450 
49 1.712421 
