0 0.000000 
1 -0.103032 
2 -0.103057 
3 -0.112510 
4 -0.120438 
5 -0.127447 
6 -0.133804 
7 -0.139414 
8 -0.144080 
9 -0.147525 
10 -0.149744 
11 -0.151311 
12 -0.153407 
13 -0.157689 
14 -0.091522 
15 -0.008887 
16 -0.001429 
17 -0.008205 
18 -0.011380 
19 -0.014823 
20 -0.018914 
21 -0.023479 
22 -0.028481 
23 -0.034080 
24 -0.039309 
25 -0.038230 
26 -0.032618 
27 -0.030575 
28 -0.002325 
29 0.024349 
30 0.024198 
31 0.024748 
32 0.025276 
33 0.025728 
34 0.026028 
35 0.026141 
36 0.026053 
37 0.025742 
38 0.025177 
39 0.024367 
40 0.023381 
41 0.022298 
42 0.021187 
43 0.020101 
44 0.019067 
45 0.018048 
46 0.017033 
47 0.016200 
48 0.015734 
49 0.037137 
50 0.698132 
