0 0.000000 
1 0.318052 
2 0.163785 
3 0.062139 
4 -0.000028 
5 -0.041853 
6 -0.068567 
7 -0.081337 
8 -0.079151 
9 -0.059764 
10 -0.020741 
11 0.039521 
12 0.121610 
13 0.226449 
14 0.327461 
15 0.319366 
16 0.236726 
17 0.157944 
18 0.103178 
19 0.068337 
20 0.049720 
21 0.045740 
22 0.055813 
23 0.079700 
24 0.117410 
25 0.170467 
26 0.244181 
27 0.336578 
28 0.397691 
29 0.344186 
30 0.270768 
31 0.203235 
32 0.153842 
33 0.121996 
34 0.101776 
35 0.088967 
36 0.080961 
37 0.076073 
38 0.073119 
39 0.071184 
40 0.069523 
41 0.067576 
42 0.064949 
43 0.061316 
44 0.056420 
45 0.050113 
46 0.042362 
47 0.033277 
48 0.023137 
49 0.012441 
50 0.698132 
