0 0.823969 
1 -0.399655 
2 -0.263334 
3 -0.161054 
4 -0.108355 
5 -0.069207 
6 -0.033082 
7 0.005663 
8 0.050225 
9 0.101098 
10 0.156119 
11 0.212666 
12 0.271603 
13 0.261690 
14 -0.020973 
15 -0.214093 
16 -0.204098 
17 -0.141881 
18 -0.090262 
19 -0.048229 
20 -0.010312 
21 0.026097 
22 0.061884 
23 0.097694 
24 0.137453 
25 0.190968 
26 0.239371 
27 0.158323 
28 -0.138612 
29 -0.190202 
30 -0.174956 
31 -0.127963 
32 -0.082502 
33 -0.052383 
34 -0.033184 
35 -0.020741 
36 -0.012663 
37 -0.007654 
38 -0.005012 
39 -0.004303 
40 -0.005044 
41 -0.006806 
42 -0.009414 
43 -0.012682 
44 -0.016340 
45 -0.020081 
46 -0.023536 
47 -0.026271 
48 -0.027709 
49 1.776401 
