0 0.000000 
1 0.051511 
2 0.124705 
3 0.155067 
4 0.162887 
5 0.157813 
6 0.144479 
7 0.126423 
8 0.107454 
9 0.092020 
10 0.085307 
11 0.092992 
12 0.120657 
13 0.173666 
14 0.252943 
15 0.338063 
16 0.401744 
17 0.441897 
18 0.468391 
19 0.487344 
20 0.502138 
21 0.515451 
22 0.530309 
23 0.550484 
24 0.580478 
25 0.625524 
26 0.692383 
27 0.788475 
28 0.911543 
29 1.033951 
30 1.131569 
31 1.205594 
32 1.263119 
33 1.309672 
34 1.348985 
35 1.383327 
36 1.414139 
37 1.442434 
38 1.468970 
39 1.494225 
40 1.518409 
41 1.541531 
42 1.563495 
43 1.584139 
44 1.603211 
45 1.620380 
46 1.635257 
47 1.647426 
48 1.656501 
49 1.662224 
50 1.787442 
