0.000000 0.000000 0.000000 
0.318052 -0.103032 0.051511 
0.163785 -0.103057 0.124705 
0.062139 -0.112510 0.155067 
-0.000028 -0.120438 0.162887 
-0.041853 -0.127447 0.157813 
-0.068567 -0.133804 0.144479 
-0.081337 -0.139414 0.126423 
-0.079151 -0.144080 0.107454 
-0.059764 -0.147525 0.092020 
-0.020741 -0.149744 0.085307 
0.039521 -0.151311 0.092992 
0.121610 -0.153407 0.120657 
0.226449 -0.157689 0.173666 
0.327461 -0.091522 0.252943 
0.319366 -0.008887 0.338063 
0.236726 -0.001429 0.401744 
0.157944 -0.008205 0.441897 
0.103178 -0.011380 0.468391 
0.068337 -0.014823 0.487344 
0.049720 -0.018914 0.502138 
0.045740 -0.023479 0.515451 
0.055813 -0.028481 0.530309 
0.079700 -0.034080 0.550484 
0.117410 -0.039309 0.580478 
0.170467 -0.038230 0.625524 
0.244181 -0.032618 0.692383 
0.336578 -0.030575 0.788475 
0.397691 -0.002325 0.911543 
0.344186 0.024349 1.033951 
0.270768 0.024198 1.131569 
0.203235 0.024748 1.205594 
0.153842 0.025276 1.263119 
0.121996 0.025728 1.309672 
0.101776 0.026028 1.348985 
0.088967 0.026141 1.383327 
0.080961 0.026053 1.414139 
0.076073 0.025742 1.442434 
0.073119 0.025177 1.468970 
0.071184 0.024367 1.494225 
0.069523 0.023381 1.518409 
0.067576 0.022298 1.541531 
0.064949 0.021187 1.563495 
0.061316 0.020101 1.584139 
0.056420 0.019067 1.603211 
0.050113 0.018048 1.620380 
0.042362 0.017033 1.635257 
0.033277 0.016200 1.647426 
0.023137 0.015734 1.656501 
0.012441 0.037137 1.662224 
0.698132 0.698132 1.787442 
