0 12.000000 
1 12.000000 
2 13.846298 
3 15.091696 
4 15.781180 
5 16.000000 
6 16.000000 
7 16.000000 
8 15.963162 
9 15.815565 
10 15.627752 
11 15.458942 
12 15.361079 
13 15.390085 
14 15.624556 
15 15.906526 
16 16.000000 
17 16.000000 
18 15.880952 
19 15.570188 
20 15.110494 
21 14.551001 
22 13.941763 
23 13.332039 
24 12.771326 
25 12.313322 
26 12.025408 
27 12.000000 
28 12.114287 
29 12.420006 
30 12.645659 
31 12.780938 
32 12.817534 
33 12.762579 
34 12.636927 
35 12.468728 
36 12.289231 
37 12.130465 
38 12.023964 
39 12.000000 
40 12.000000 
41 12.000000 
42 12.000000 
43 12.000000 
44 12.000000 
45 12.000000 
46 12.000000 
47 12.000000 
48 12.000000 
49 12.000000 
50 12.000000 
