0 0.000000 
1 4.783154 
2 3.226422 
3 1.786227 
4 0.566891 
5 0.000000 
6 -0.000000 
7 -0.095436 
8 -0.382375 
9 -0.486563 
10 -0.437331 
11 -0.253533 
12 0.075145 
13 0.607440 
14 0.730492 
15 0.242160 
16 0.000000 
17 -0.308413 
18 -0.805089 
19 -1.190917 
20 -1.449463 
21 -1.578337 
22 -1.579597 
23 -1.452623 
24 -1.186540 
25 -0.745891 
26 -0.065824 
27 0.296081 
28 0.792019 
29 0.584593 
30 0.350464 
31 0.094807 
32 -0.142370 
33 -0.325524 
34 -0.435749 
35 -0.465017 
36 -0.411312 
37 -0.275908 
38 -0.062083 
39 0.000000 
40 0.000000 
41 -0.000000 
42 -0.000000 
43 0.000000 
44 -0.000000 
45 0.000000 
46 -0.000000 
47 0.000000 
48 -0.000000 
49 0.000000 
