-30.000000 -10.000000 30.000000 
-27.687182 -9.977015 30.101136 
-25.225613 -9.836102 30.291720 
-22.495313 -9.575533 30.463358 
-19.577109 -9.229419 30.622398 
-16.550515 -8.827004 30.771147 
-13.491039 -8.393294 30.918133 
-10.434678 -7.945128 31.074395 
-7.381213 -7.491902 31.248075 
-4.329813 -7.040940 31.441729 
-1.279561 -6.597839 31.655392 
1.770295 -6.166682 31.888317 
4.820304 -5.750144 32.139382 
7.870815 -5.349558 32.407174 
10.921986 -4.964938 32.690116 
13.973791 -4.594972 32.986640 
17.026036 -4.237001 33.295340 
20.078365 -3.886967 33.615024 
23.130266 -3.539347 33.944683 
26.181051 -3.187062 34.283352 
29.229791 -2.821351 34.629893 
32.275202 -2.431614 34.982883 
35.315440 -2.005167 35.340819 
38.347788 -1.526895 35.702418 
41.368184 -0.978700 36.066763 
44.370431 -0.338580 36.433377 
47.344936 0.421068 36.800857 
50.275579 1.336405 37.168680 
53.144612 2.455640 37.452881 
55.927755 3.810473 37.566880 
58.611360 5.369812 37.597172 
61.201606 7.086629 37.630923 
63.710044 8.925431 37.668014 
66.147682 10.860459 37.709576 
68.524679 12.872097 37.755662 
70.850415 14.944763 37.806097 
73.133555 17.065689 37.860555 
75.382097 19.224168 37.918624 
77.603630 21.410744 37.979861 
79.805566 23.616628 38.043810 
81.994843 25.833880 38.110001 
84.177673 28.055590 38.177987 
86.356128 30.273054 38.247233 
88.527543 32.475147 38.317100 
90.688489 34.651357 38.387014 
92.835925 36.792672 38.456529 
94.967162 38.891545 38.525339 
97.079814 40.941861 38.593226 
99.171791 42.938922 38.660008 
101.241316 44.879432 38.725550 
103.286956 46.761474 38.789776 
105.307679 48.584486 38.852626 
107.302883 50.349216 38.911341 
109.272686 52.057709 38.963235 
111.217823 53.713156 39.010871 
113.139410 55.319796 39.056897 
115.039061 56.883002 39.101630 
116.918899 58.409186 39.145402 
118.781542 59.905780 39.188490 
120.629714 61.381576 39.231072 
122.466051 62.846863 39.273248 
124.293239 64.313216 39.315108 
126.112634 65.792078 39.356718 
127.921612 67.291685 39.398083 
129.714609 68.817847 39.439171 
131.485415 70.376356 39.479955 
133.227150 71.972853 39.520416 
134.932249 73.612701 39.560544 
136.592462 75.300828 39.600345 
138.198881 77.041570 39.639836 
139.741989 78.838506 39.679045 
141.211746 80.694293 39.718009 
142.597708 82.610502 39.756774 
143.889191 84.587480 39.795388 
145.075471 86.624229 39.833905 
146.146018 88.718327 39.872379 
147.090764 90.865893 39.910865 
147.900386 93.061621 39.949413 
148.566597 95.298861 39.988069 
149.082415 97.569782 40.026881 
149.442407 99.865589 40.065903 
149.642880 102.176801 40.105191 
149.682013 104.493557 40.144803 
149.559912 106.805955 40.184788 
149.278609 109.104388 40.225188 
148.841970 111.379865 40.266035 
148.255556 113.624305 40.307349 
147.526426 115.830780 40.349141 
146.662902 117.993704 40.391417 
145.674323 120.108962 40.434180 
144.570786 122.173977 40.477447 
143.362909 124.187724 40.521248 
142.061613 126.150680 40.565623 
140.677934 128.064754 40.610617 
139.222882 129.933159 40.656273 
137.707327 131.760279 40.702634 
136.141943 133.551509 40.749719 
134.537167 135.313096 40.796922 
132.903136 137.052072 40.834538 
131.250862 138.775050 40.774436 
129.705764 140.313780 39.927259 
