0 0.000000 
1 -0.087391 
2 -0.067289 
3 -0.057693 
4 -0.050239 
5 -0.046891 
6 -0.048021 
7 -0.052968 
8 -0.059386 
9 -0.065995 
10 -0.072427 
11 -0.078542 
12 -0.084234 
13 -0.089424 
14 -0.094084 
15 -0.098250 
16 -0.101992 
17 -0.105381 
18 -0.108465 
19 -0.111227 
20 -0.113571 
21 -0.115411 
22 -0.116781 
23 -0.117792 
24 -0.118571 
25 -0.119277 
26 -0.119149 
27 -0.119542 
28 -0.064792 
29 -0.009040 
30 -0.010530 
31 -0.011279 
32 -0.012702 
33 -0.014184 
34 -0.015640 
35 -0.017007 
36 -0.018250 
37 -0.019350 
38 -0.020273 
39 -0.021000 
40 -0.021544 
41 -0.021931 
42 -0.022185 
43 -0.022325 
44 -0.022367 
45 -0.022333 
46 -0.022271 
47 -0.022209 
48 -0.022145 
49 -0.022079 
50 -0.022027 
51 -0.021972 
52 -0.020613 
53 -0.019050 
54 -0.018737 
55 -0.018510 
56 -0.018351 
57 -0.018262 
58 -0.018216 
59 -0.018166 
60 -0.018099 
61 -0.018016 
62 -0.017918 
63 -0.017805 
64 -0.017678 
65 -0.017542 
66 -0.017399 
67 -0.017255 
68 -0.017116 
69 -0.016987 
70 -0.016873 
71 -0.016776 
72 -0.016700 
73 -0.016646 
74 -0.016616 
75 -0.016609 
76 -0.016626 
77 -0.016663 
78 -0.016720 
79 -0.016797 
80 -0.016900 
81 -0.017028 
82 -0.017179 
83 -0.017351 
84 -0.017538 
85 -0.017736 
86 -0.017941 
87 -0.018150 
88 -0.018359 
89 -0.018571 
90 -0.018793 
91 -0.019032 
92 -0.019290 
93 -0.019566 
94 -0.019861 
95 -0.020175 
96 -0.020487 
97 -0.020277 
98 -0.012207 
99 0.064124 
100 0.698132 
