0 -0.452803 
1 0.104154 
2 0.049721 
3 0.038620 
4 0.017351 
5 -0.005855 
6 -0.025633 
7 -0.033254 
8 -0.034245 
9 -0.033325 
10 -0.031683 
11 -0.029496 
12 -0.026887 
13 -0.024144 
14 -0.021586 
15 -0.019388 
16 -0.017562 
17 -0.015978 
18 -0.014312 
19 -0.012145 
20 -0.009532 
21 -0.007100 
22 -0.005238 
23 -0.004036 
24 -0.003656 
25 0.000661 
26 -0.002036 
27 0.283678 
28 0.288875 
29 -0.007721 
30 -0.003885 
31 -0.007373 
32 -0.007677 
33 -0.007544 
34 -0.007082 
35 -0.006444 
36 -0.005697 
37 -0.004783 
38 -0.003765 
39 -0.002821 
40 -0.002004 
41 -0.001313 
42 -0.000727 
43 -0.000216 
44 0.000173 
45 0.000324 
46 0.000317 
47 0.000333 
48 0.000341 
49 0.000270 
50 0.000286 
51 0.007045 
52 0.008098 
53 0.001620 
54 0.001176 
55 0.000824 
56 0.000461 
57 0.000237 
58 0.000262 
59 0.000344 
60 0.000429 
61 0.000511 
62 0.000586 
63 0.000653 
64 0.000708 
65 0.000741 
66 0.000746 
67 0.000720 
68 0.000667 
69 0.000593 
70 0.000501 
71 0.000395 
72 0.000278 
73 0.000156 
74 0.000034 
75 -0.000084 
76 -0.000192 
77 -0.000294 
78 -0.000404 
79 -0.000531 
80 -0.000663 
81 -0.000784 
82 -0.000887 
83 -0.000969 
84 -0.001028 
85 -0.001064 
86 -0.001079 
87 -0.001083 
88 -0.001099 
89 -0.001153 
90 -0.001237 
91 -0.001334 
92 -0.001433 
93 -0.001530 
94 -0.001625 
95 -0.001615 
96 0.001088 
97 0.041810 
98 0.395500 
99 3.285014 
