0 0.000000 
1 0.367054 
2 0.256211 
3 0.168133 
4 0.110673 
5 0.069638 
6 0.038527 
7 0.013813 
8 -0.005818 
9 -0.020997 
10 -0.032140 
11 -0.039507 
12 -0.043243 
13 -0.043405 
14 -0.039976 
15 -0.032877 
16 -0.021975 
17 -0.007084 
18 0.012042 
19 0.035727 
20 0.064401 
21 0.098658 
22 0.139346 
23 0.187742 
24 0.245884 
25 0.317277 
26 0.408494 
27 0.528849 
28 0.629701 
29 0.558095 
30 0.453927 
31 0.372174 
32 0.307383 
33 0.253943 
34 0.208537 
35 0.169153 
36 0.134516 
37 0.103820 
38 0.076614 
39 0.052508 
40 0.031085 
41 0.012026 
42 -0.004895 
43 -0.019826 
44 -0.032858 
45 -0.044037 
46 -0.053370 
47 -0.060839 
48 -0.066402 
49 -0.070005 
50 -0.071590 
51 -0.071095 
52 -0.068529 
53 -0.064087 
54 -0.057623 
55 -0.049124 
56 -0.038653 
57 -0.026315 
58 -0.012269 
59 0.003313 
60 0.020328 
61 0.038683 
62 0.058277 
63 0.078996 
64 0.100715 
65 0.123292 
66 0.146570 
67 0.170372 
68 0.194502 
69 0.218742 
70 0.242851 
71 0.266563 
72 0.289594 
73 0.311638 
74 0.332379 
75 0.351489 
76 0.368645 
77 0.383534 
78 0.395868 
79 0.405397 
80 0.411916 
81 0.415268 
82 0.415353 
83 0.412126 
84 0.405601 
85 0.395849 
86 0.382992 
87 0.367193 
88 0.348653 
89 0.327598 
90 0.304272 
91 0.278924 
92 0.251808 
93 0.223169 
94 0.193245 
95 0.162260 
96 0.130425 
97 0.097936 
98 0.064979 
99 0.032507 
100 0.698132 
