0 1.901832 
1 -0.574315 
2 -0.456364 
3 -0.297718 
4 -0.212617 
5 -0.161195 
6 -0.128054 
7 -0.101712 
8 -0.078651 
9 -0.057734 
10 -0.038169 
11 -0.019360 
12 -0.000840 
13 0.017769 
14 0.036783 
15 0.056485 
16 0.077153 
17 0.099099 
18 0.122720 
19 0.148573 
20 0.177496 
21 0.210818 
22 0.250757 
23 0.301253 
24 0.369911 
25 0.472629 
26 0.623600 
27 0.522549 
28 -0.371011 
29 -0.539734 
30 -0.423589 
31 -0.335704 
32 -0.276894 
33 -0.235263 
34 -0.204065 
35 -0.179465 
36 -0.159045 
37 -0.140963 
38 -0.124906 
39 -0.110997 
40 -0.098754 
41 -0.087671 
42 -0.077362 
43 -0.067524 
44 -0.057920 
45 -0.048361 
46 -0.038698 
47 -0.028824 
48 -0.018671 
49 -0.008210 
50 0.002565 
51 0.013293 
52 0.023019 
53 0.033490 
54 0.044038 
55 0.054254 
56 0.063926 
57 0.072778 
58 0.080734 
59 0.088159 
60 0.095105 
61 0.101523 
62 0.107354 
63 0.112532 
64 0.116979 
65 0.120611 
66 0.123329 
67 0.125028 
68 0.125596 
69 0.124913 
70 0.122861 
71 0.119330 
72 0.114222 
73 0.107463 
74 0.099017 
75 0.088890 
76 0.077145 
77 0.063909 
78 0.049373 
79 0.033776 
80 0.017371 
81 0.000439 
82 -0.016721 
83 -0.033807 
84 -0.050527 
85 -0.066621 
86 -0.081859 
87 -0.096061 
88 -0.109091 
89 -0.120863 
90 -0.131334 
91 -0.140499 
92 -0.148387 
93 -0.155047 
94 -0.160544 
95 -0.164950 
96 -0.168337 
97 -0.170760 
98 -0.168249 
99 3.448832 
