0 0.000000 
1 0.030197 
2 0.078991 
3 0.108303 
4 0.126109 
5 0.137149 
6 0.143679 
7 0.146836 
8 0.147318 
9 0.145701 
10 0.142495 
11 0.138172 
12 0.133179 
13 0.127950 
14 0.122919 
15 0.118525 
16 0.115217 
17 0.113466 
18 0.113766 
19 0.116647 
20 0.122688 
21 0.132538 
22 0.146948 
23 0.166829 
24 0.193357 
25 0.228169 
26 0.273799 
27 0.334436 
28 0.412208 
29 0.492382 
30 0.558653 
31 0.611279 
32 0.653804 
33 0.688517 
34 0.716888 
35 0.739928 
36 0.758380 
37 0.772822 
38 0.783735 
39 0.791531 
40 0.796557 
41 0.799101 
42 0.799411 
43 0.797703 
44 0.794166 
45 0.788967 
46 0.782269 
47 0.774235 
48 0.765040 
49 0.754882 
50 0.743989 
51 0.732629 
52 0.721132 
53 0.709920 
54 0.699430 
55 0.690058 
56 0.682199 
57 0.676245 
58 0.672561 
59 0.671432 
60 0.673069 
61 0.677645 
62 0.685316 
63 0.696254 
64 0.710645 
65 0.728657 
66 0.750437 
67 0.776110 
68 0.805771 
69 0.839484 
70 0.877276 
71 0.919133 
72 0.964992 
73 1.014738 
74 1.068199 
75 1.125141 
76 1.185265 
77 1.248210 
78 1.313555 
79 1.380824 
80 1.449493 
81 1.519005 
82 1.588778 
83 1.658219 
84 1.726735 
85 1.793750 
86 1.858711 
87 1.921102 
88 1.980447 
89 2.036320 
90 2.088344 
91 2.136191 
92 2.179584 
93 2.218291 
94 2.252122 
95 2.280925 
96 2.304582 
97 2.323004 
98 2.336126 
99 2.343971 
100 2.408345 
