0.000000 0.000000 0.000000 
0.367054 -0.087391 0.030197 
0.256211 -0.067289 0.078991 
0.168133 -0.057693 0.108303 
0.110673 -0.050239 0.126109 
0.069638 -0.046891 0.137149 
0.038527 -0.048021 0.143679 
0.013813 -0.052968 0.146836 
-0.005818 -0.059386 0.147318 
-0.020997 -0.065995 0.145701 
-0.032140 -0.072427 0.142495 
-0.039507 -0.078542 0.138172 
-0.043243 -0.084234 0.133179 
-0.043405 -0.089424 0.127950 
-0.039976 -0.094084 0.122919 
-0.032877 -0.098250 0.118525 
-0.021975 -0.101992 0.115217 
-0.007084 -0.105381 0.113466 
0.012042 -0.108465 0.113766 
0.035727 -0.111227 0.116647 
0.064401 -0.113571 0.122688 
0.098658 -0.115411 0.132538 
0.139346 -0.116781 0.146948 
0.187742 -0.117792 0.166829 
0.245884 -0.118571 0.193357 
0.317277 -0.119277 0.228169 
0.408494 -0.119149 0.273799 
0.528849 -0.119542 0.334436 
0.629701 -0.064792 0.412208 
0.558095 -0.009040 0.492382 
0.453927 -0.010530 0.558653 
0.372174 -0.011279 0.611279 
0.307383 -0.012702 0.653804 
0.253943 -0.014184 0.688517 
0.208537 -0.015640 0.716888 
0.169153 -0.017007 0.739928 
0.134516 -0.018250 0.758380 
0.103820 -0.019350 0.772822 
0.076614 -0.020273 0.783735 
0.052508 -0.021000 0.791531 
0.031085 -0.021544 0.796557 
0.012026 -0.021931 0.799101 
-0.004895 -0.022185 0.799411 
-0.019826 -0.022325 0.797703 
-0.032858 -0.022367 0.794166 
-0.044037 -0.022333 0.788967 
-0.053370 -0.022271 0.782269 
-0.060839 -0.022209 0.774235 
-0.066402 -0.022145 0.765040 
-0.070005 -0.022079 0.754882 
-0.071590 -0.022027 0.743989 
-0.071095 -0.021972 0.732629 
-0.068529 -0.020613 0.721132 
-0.064087 -0.019050 0.709920 
-0.057623 -0.018737 0.699430 
-0.049124 -0.018510 0.690058 
-0.038653 -0.018351 0.682199 
-0.026315 -0.018262 0.676245 
-0.012269 -0.018216 0.672561 
0.003313 -0.018166 0.671432 
0.020328 -0.018099 0.673069 
0.038683 -0.018016 0.677645 
0.058277 -0.017918 0.685316 
0.078996 -0.017805 0.696254 
0.100715 -0.017678 0.710645 
0.123292 -0.017542 0.728657 
0.146570 -0.017399 0.750437 
0.170372 -0.017255 0.776110 
0.194502 -0.017116 0.805771 
0.218742 -0.016987 0.839484 
0.242851 -0.016873 0.877276 
0.266563 -0.016776 0.919133 
0.289594 -0.016700 0.964992 
0.311638 -0.016646 1.014738 
0.332379 -0.016616 1.068199 
0.351489 -0.016609 1.125141 
0.368645 -0.016626 1.185265 
0.383534 -0.016663 1.248210 
0.395868 -0.016720 1.313555 
0.405397 -0.016797 1.380824 
0.411916 -0.016900 1.449493 
0.415268 -0.017028 1.519005 
0.415353 -0.017179 1.588778 
0.412126 -0.017351 1.658219 
0.405601 -0.017538 1.726735 
0.395849 -0.017736 1.793750 
0.382992 -0.017941 1.858711 
0.367193 -0.018150 1.921102 
0.348653 -0.018359 1.980447 
0.327598 -0.018571 2.036320 
0.304272 -0.018793 2.088344 
0.278924 -0.019032 2.136191 
0.251808 -0.019290 2.179584 
0.223169 -0.019566 2.218291 
0.193245 -0.019861 2.252122 
0.162260 -0.020175 2.280925 
0.130425 -0.020487 2.304582 
0.097936 -0.020277 2.323004 
0.064979 -0.012207 2.336126 
0.032507 0.064124 2.343971 
0.698132 0.698132 2.408345 
