0 0.000000 
1 8.436898 
2 6.269755 
3 4.086789 
4 1.931947 
5 0.000000 
6 0.000000 
7 -0.000000 
8 -0.000000 
9 0.000000 
10 0.000000 
11 -0.000000 
12 0.000000 
13 0.000000 
14 0.000000 
15 0.000000 
16 0.000000 
17 0.000000 
18 -0.000000 
19 -0.000000 
20 -0.000000 
21 -0.000000 
22 -0.000000 
23 0.000000 
24 0.000000 
25 0.000000 
26 0.000000 
27 -0.000000 
28 -0.000000 
29 -0.000000 
30 0.000000 
31 0.000000 
32 0.000000 
33 0.000000 
34 0.000000 
35 -0.000000 
36 0.000000 
37 -0.000000 
38 0.000000 
39 -0.000000 
40 0.000000 
41 -0.233832 
42 -0.511164 
43 -0.752156 
44 -0.957596 
45 -1.128488 
46 -1.265997 
47 -1.371393 
48 -1.445993 
49 -1.491078 
50 -1.507798 
51 -1.496979 
52 -1.460140 
53 -1.397052 
54 -1.306507 
55 -1.188668 
56 -1.043526 
57 -0.870898 
58 -0.670445 
59 -0.441688 
60 -0.183990 
61 -0.000000 
62 0.000000 
63 -0.000000 
64 -0.000000 
65 0.000000 
66 0.000000 
67 0.000000 
68 0.000000 
69 0.000000 
70 0.000000 
71 0.000000 
72 0.000000 
73 0.000000 
74 -0.000000 
75 0.000000 
76 0.000000 
77 0.000000 
78 -0.000000 
79 -0.000000 
80 0.000000 
81 0.000000 
82 0.000000 
83 -0.000000 
84 0.000000 
85 0.000000 
86 0.000000 
87 -0.000000 
88 -0.000000 
89 -0.000000 
90 0.000000 
91 -0.000000 
92 0.000000 
93 0.000000 
94 0.000000 
95 -0.000000 
96 -0.000000 
97 -0.000000 
98 0.000000 
99 -0.000000 
