5.000000 130.000000 30.000000 
6.324969 129.034579 29.893439 
7.672763 128.038748 29.678841 
9.082022 126.982759 29.453923 
10.544820 125.874147 29.212792 
12.054447 124.719551 28.957519 
13.604528 123.525341 28.689661 
15.189073 122.297579 28.410810 
16.802471 121.042027 28.122551 
18.439482 119.764153 27.826447 
20.095232 118.469138 27.524036 
21.765207 117.161877 27.216813 
23.445244 115.846992 26.906227 
25.131530 114.528832 26.593667 
26.820590 113.211480 26.280460 
28.509283 111.898761 25.967856 
30.194796 110.594243 25.657027 
31.874636 109.301247 25.349056 
33.546627 108.022850 25.044937 
35.208900 106.761890 24.745562 
36.859891 105.520973 24.451721 
38.498332 104.302475 24.164095 
40.123247 103.108549 23.883255 
41.733945 101.941128 23.609659 
43.330018 100.801930 23.343647 
44.911332 99.692459 23.085446 
46.478022 98.614013 22.835166 
48.030488 97.567683 22.592808 
49.569391 96.554357 22.358261 
51.095642 95.574719 22.131310 
52.610400 94.629257 21.911643 
54.115063 93.718255 21.698850 
55.611263 92.841801 21.492438 
57.100855 91.999781 21.291829 
58.585913 91.191882 21.096374 
60.068719 90.417588 20.905353 
61.551757 89.676179 20.717993 
63.037707 88.966734 20.533481 
64.529443 88.288126 20.351009 
66.030053 87.639041 20.169887 
67.541739 87.018467 19.989735 
69.064794 86.426064 19.810502 
70.598567 85.861679 19.632266 
72.142365 85.324966 19.455105 
73.695457 84.815376 19.279095 
75.257093 84.332159 19.104314 
76.826508 83.874352 18.930832 
78.402942 83.440787 18.758718 
79.985640 83.030091 18.588033 
81.573869 82.640688 18.418829 
83.166918 82.270810 18.251150 
84.764105 81.918499 18.085030 
86.364782 81.581621 17.920490 
87.968329 81.257872 17.757543 
89.574155 80.944786 17.596187 
91.181689 80.639751 17.436409 
92.790377 80.340010 17.278186 
94.399666 80.042678 17.121481 
96.008995 79.744746 16.966248 
97.617776 79.443094 16.812431 
99.225381 79.134498 16.659964 
100.831117 78.815642 16.508772 
102.434211 78.483127 16.358776 
104.033780 78.133482 16.209890 
105.628811 77.763180 16.062025 
107.218135 77.368650 15.915092 
108.800401 76.946302 15.769003 
110.374047 76.492542 15.623675 
111.937281 76.003808 15.479034 
113.488053 75.476600 15.335018 
115.024042 74.907524 15.191581 
116.542642 74.293345 15.048703 
118.040908 73.630875 14.906695 
119.514880 72.915935 14.765262 
120.958267 72.141540 14.622859 
122.362314 71.298630 14.478214 
123.715199 70.376638 14.330696 
125.000226 69.363053 14.179709 
126.194818 68.244997 14.024653 
127.278943 67.020026 13.865103 
128.240710 65.697311 13.701104 
129.071350 64.289003 13.533228 
129.763347 62.807972 13.362450 
130.310453 61.267700 13.190067 
130.707719 59.682165 13.017627 
130.951530 58.065733 12.846797 
131.039627 56.433058 12.679194 
130.971134 54.798976 12.516225 
130.746576 53.178383 12.358961 
130.367946 51.586045 12.207986 
129.842646 50.034820 12.063300 
129.193209 48.530018 11.924464 
128.445238 47.070572 11.790870 
127.618855 45.653201 11.661881 
126.729631 44.273727 11.536868 
125.790257 42.927392 11.415215 
124.811479 41.609037 11.296260 
123.802692 40.313253 11.178938 
122.772482 39.034616 11.058887 
121.730645 37.769836 10.899580 
120.762640 36.637369 10.255417 
