0 0.000000 
1 0.129819 
2 0.124954 
3 0.129082 
4 0.132155 
5 0.134867 
6 0.137216 
7 0.139232 
8 0.140934 
9 0.142338 
10 0.143456 
11 0.144298 
12 0.144872 
13 0.145186 
14 0.145246 
15 0.145060 
16 0.144634 
17 0.143978 
18 0.143099 
19 0.142010 
20 0.140722 
21 0.139252 
22 0.137615 
23 0.135832 
24 0.133924 
25 0.131917 
26 0.129838 
27 0.127715 
28 0.125579 
29 0.123462 
30 0.121398 
31 0.119421 
32 0.117564 
33 0.115861 
34 0.114345 
35 0.113047 
36 0.111988 
37 0.111178 
38 0.110586 
39 0.110072 
40 0.109532 
41 0.108946 
42 0.108313 
43 0.107631 
44 0.106903 
45 0.106129 
46 0.105312 
47 0.104456 
48 0.103565 
49 0.102644 
50 0.101700 
51 0.100738 
52 0.099767 
53 0.098792 
54 0.097821 
55 0.096862 
56 0.095922 
57 0.095006 
58 0.094123 
59 0.093277 
60 0.092474 
61 0.091718 
62 0.091013 
63 0.090362 
64 0.089766 
65 0.089224 
66 0.088735 
67 0.088294 
68 0.087896 
69 0.087531 
70 0.087188 
71 0.086848 
72 0.086125 
73 0.086147 
74 0.087309 
75 0.088885 
76 0.090819 
77 0.093122 
78 0.095791 
79 0.098614 
80 0.101230 
81 0.103356 
82 0.104779 
83 0.105319 
84 0.104849 
85 0.103348 
86 0.100903 
87 0.097682 
88 0.093929 
89 0.089997 
90 0.086248 
91 0.082853 
92 0.079848 
93 0.077233 
94 0.074996 
95 0.073134 
96 0.071705 
97 0.071143 
98 0.075032 
99 0.119081 
100 0.698132 
