0 0.947583 
1 -0.035507 
2 0.030126 
3 0.022433 
4 0.019795 
5 0.017146 
6 0.014713 
7 0.012426 
8 0.010250 
9 0.008162 
10 0.006145 
11 0.004190 
12 0.002289 
13 0.000439 
14 -0.001360 
15 -0.003106 
16 -0.004793 
17 -0.006412 
18 -0.007951 
19 -0.009398 
20 -0.010736 
21 -0.011948 
22 -0.013016 
23 -0.013922 
24 -0.014648 
25 -0.015178 
26 -0.015497 
27 -0.015591 
28 -0.015450 
29 -0.015066 
30 -0.014435 
31 -0.013555 
32 -0.012428 
33 -0.011063 
34 -0.009479 
35 -0.007728 
36 -0.005909 
37 -0.004323 
38 -0.003752 
39 -0.003942 
40 -0.004278 
41 -0.004624 
42 -0.004972 
43 -0.005316 
44 -0.005649 
45 -0.005962 
46 -0.006250 
47 -0.006504 
48 -0.006721 
49 -0.006893 
50 -0.007018 
51 -0.007093 
52 -0.007115 
53 -0.007084 
54 -0.007001 
55 -0.006866 
56 -0.006681 
57 -0.006450 
58 -0.006175 
59 -0.005862 
60 -0.005516 
61 -0.005144 
62 -0.004753 
63 -0.004353 
64 -0.003955 
65 -0.003571 
66 -0.003216 
67 -0.002907 
68 -0.002663 
69 -0.002502 
70 -0.002479 
71 -0.005277 
72 0.000159 
73 0.008479 
74 0.011504 
75 0.014118 
76 0.016809 
77 0.019487 
78 0.020605 
79 0.019090 
80 0.015518 
81 0.010388 
82 0.003941 
83 -0.003426 
84 -0.010956 
85 -0.017852 
86 -0.023506 
87 -0.027394 
88 -0.028703 
89 -0.027367 
90 -0.024776 
91 -0.021935 
92 -0.019089 
93 -0.016327 
94 -0.013592 
95 -0.010431 
96 -0.004102 
97 0.028385 
98 0.321528 
99 4.226645 
