0 0.000000 
1 -0.072108 
2 -0.061989 
3 -0.052446 
4 -0.044005 
5 -0.036382 
6 -0.029369 
7 -0.022805 
8 -0.016565 
9 -0.010552 
10 -0.004685 
11 0.001102 
12 0.006862 
13 0.012641 
14 0.018477 
15 0.024402 
16 0.030442 
17 0.036618 
18 0.042948 
19 0.049443 
20 0.056109 
21 0.062947 
22 0.069952 
23 0.077111 
24 0.084405 
25 0.091803 
26 0.099266 
27 0.106742 
28 0.114167 
29 0.121464 
30 0.128541 
31 0.135292 
32 0.141598 
33 0.147330 
34 0.152350 
35 0.156519 
36 0.159705 
37 0.161788 
38 0.162714 
39 0.162609 
40 0.161570 
41 0.159582 
42 0.156611 
43 0.152634 
44 0.147636 
45 0.141612 
46 0.134566 
47 0.126511 
48 0.117465 
49 0.107455 
50 0.096512 
51 0.084671 
52 0.071968 
53 0.058446 
54 0.044144 
55 0.029105 
56 0.013371 
57 -0.003015 
58 -0.020011 
59 -0.037574 
60 -0.055661 
61 -0.074228 
62 -0.093228 
63 -0.112611 
64 -0.132322 
65 -0.152299 
66 -0.172470 
67 -0.192747 
68 -0.213026 
69 -0.233175 
70 -0.253036 
71 -0.272412 
72 -0.296252 
73 -0.341424 
74 -0.398375 
75 -0.464856 
76 -0.544764 
77 -0.647589 
78 -0.698132 
79 -0.698132 
80 -0.698132 
81 -0.698132 
82 -0.698132 
83 -0.698132 
84 -0.698132 
85 -0.698132 
86 -0.698132 
87 -0.698132 
88 -0.698132 
89 -0.698132 
90 -0.621667 
91 -0.522501 
92 -0.441743 
93 -0.372059 
94 -0.309486 
95 -0.251701 
96 -0.197231 
97 -0.145068 
98 -0.094494 
99 -0.046339 
100 -0.698132 
