0 -0.526335 
1 0.073863 
2 0.069651 
3 0.061618 
4 0.055638 
5 0.051192 
6 0.047913 
7 0.045543 
8 0.043894 
9 0.042827 
10 0.042238 
11 0.042045 
12 0.042183 
13 0.042598 
14 0.043246 
15 0.044087 
16 0.045085 
17 0.046203 
18 0.047406 
19 0.048657 
20 0.049914 
21 0.051132 
22 0.052259 
23 0.053237 
24 0.054000 
25 0.054473 
26 0.054570 
27 0.054200 
28 0.053264 
29 0.051657 
30 0.049277 
31 0.046030 
32 0.041836 
33 0.036643 
34 0.030434 
35 0.023251 
36 0.015204 
37 0.006758 
38 -0.000766 
39 -0.007583 
40 -0.014512 
41 -0.021684 
42 -0.029031 
43 -0.036482 
44 -0.043970 
45 -0.051428 
46 -0.058798 
47 -0.066025 
48 -0.073064 
49 -0.079878 
50 -0.086436 
51 -0.092717 
52 -0.098706 
53 -0.104393 
54 -0.109773 
55 -0.114844 
56 -0.119605 
57 -0.124057 
58 -0.128197 
59 -0.132023 
60 -0.135524 
61 -0.138686 
62 -0.141483 
63 -0.143879 
64 -0.145820 
65 -0.147230 
66 -0.148009 
67 -0.148018 
68 -0.147079 
69 -0.144967 
70 -0.141434 
71 -0.174010 
72 -0.329726 
73 -0.415701 
74 -0.485257 
75 -0.583272 
76 -0.750549 
77 -0.368925 
78 -0.000000 
79 -0.000000 
80 0.000000 
81 0.000000 
82 0.000000 
83 -0.000000 
84 -0.000000 
85 0.000000 
86 -0.000000 
87 -0.000000 
88 -0.000000 
89 0.558136 
90 0.723843 
91 0.589471 
92 0.508643 
93 0.456734 
94 0.421787 
95 0.397597 
96 0.380747 
97 0.369155 
98 0.351495 
99 -4.757610 
