0 -0.628319 
1 -0.632438 
2 -0.639905 
3 -0.645964 
4 -0.650859 
5 -0.654796 
6 -0.657921 
7 -0.660339 
8 -0.662128 
9 -0.663340 
10 -0.664012 
11 -0.664167 
12 -0.663819 
13 -0.662972 
14 -0.661622 
15 -0.659760 
16 -0.657371 
17 -0.654433 
18 -0.650921 
19 -0.646807 
20 -0.642058 
21 -0.636638 
22 -0.630508 
23 -0.623629 
24 -0.615960 
25 -0.607461 
26 -0.598095 
27 -0.587828 
28 -0.576631 
29 -0.564487 
30 -0.551389 
31 -0.537343 
32 -0.522376 
33 -0.506535 
34 -0.489891 
35 -0.472541 
36 -0.454608 
37 -0.436242 
38 -0.417611 
39 -0.398886 
40 -0.380217 
41 -0.361725 
42 -0.343524 
43 -0.325729 
44 -0.308459 
45 -0.291832 
46 -0.275966 
47 -0.260978 
48 -0.246981 
49 -0.234088 
50 -0.222405 
51 -0.212034 
52 -0.203074 
53 -0.195620 
54 -0.189759 
55 -0.185576 
56 -0.183151 
57 -0.182560 
58 -0.183874 
59 -0.187161 
60 -0.192487 
61 -0.199911 
62 -0.209491 
63 -0.221281 
64 -0.235332 
65 -0.251687 
66 -0.270389 
67 -0.291469 
68 -0.314953 
69 -0.340852 
70 -0.369165 
71 -0.399868 
72 -0.433234 
73 -0.470921 
74 -0.515166 
75 -0.567697 
76 -0.630670 
77 -0.707831 
78 -0.798464 
79 -0.894210 
80 -0.990008 
81 -1.085805 
82 -1.181602 
83 -1.277399 
84 -1.373196 
85 -1.468994 
86 -1.564791 
87 -1.660588 
88 -1.756385 
89 -1.852038 
90 -1.940267 
91 -2.013609 
92 -2.073318 
93 -2.122516 
94 -2.163006 
95 -2.195916 
96 -2.221987 
97 -2.241724 
98 -2.255467 
99 -2.263522 
100 -2.310087 
