0.000000 0.000000 -0.628319 
-0.072108 0.129819 -0.632438 
-0.061989 0.124954 -0.639905 
-0.052446 0.129082 -0.645964 
-0.044005 0.132155 -0.650859 
-0.036382 0.134867 -0.654796 
-0.029369 0.137216 -0.657921 
-0.022805 0.139232 -0.660339 
-0.016565 0.140934 -0.662128 
-0.010552 0.142338 -0.663340 
-0.004685 0.143456 -0.664012 
0.001102 0.144298 -0.664167 
0.006862 0.144872 -0.663819 
0.012641 0.145186 -0.662972 
0.018477 0.145246 -0.661622 
0.024402 0.145060 -0.659760 
0.030442 0.144634 -0.657371 
0.036618 0.143978 -0.654433 
0.042948 0.143099 -0.650921 
0.049443 0.142010 -0.646807 
0.056109 0.140722 -0.642058 
0.062947 0.139252 -0.636638 
0.069952 0.137615 -0.630508 
0.077111 0.135832 -0.623629 
0.084405 0.133924 -0.615960 
0.091803 0.131917 -0.607461 
0.099266 0.129838 -0.598095 
0.106742 0.127715 -0.587828 
0.114167 0.125579 -0.576631 
0.121464 0.123462 -0.564487 
0.128541 0.121398 -0.551389 
0.135292 0.119421 -0.537343 
0.141598 0.117564 -0.522376 
0.147330 0.115861 -0.506535 
0.152350 0.114345 -0.489891 
0.156519 0.113047 -0.472541 
0.159705 0.111988 -0.454608 
0.161788 0.111178 -0.436242 
0.162714 0.110586 -0.417611 
0.162609 0.110072 -0.398886 
0.161570 0.109532 -0.380217 
0.159582 0.108946 -0.361725 
0.156611 0.108313 -0.343524 
0.152634 0.107631 -0.325729 
0.147636 0.106903 -0.308459 
0.141612 0.106129 -0.291832 
0.134566 0.105312 -0.275966 
0.126511 0.104456 -0.260978 
0.117465 0.103565 -0.246981 
0.107455 0.102644 -0.234088 
0.096512 0.101700 -0.222405 
0.084671 0.100738 -0.212034 
0.071968 0.099767 -0.203074 
0.058446 0.098792 -0.195620 
0.044144 0.097821 -0.189759 
0.029105 0.096862 -0.185576 
0.013371 0.095922 -0.183151 
-0.003015 0.095006 -0.182560 
-0.020011 0.094123 -0.183874 
-0.037574 0.093277 -0.187161 
-0.055661 0.092474 -0.192487 
-0.074228 0.091718 -0.199911 
-0.093228 0.091013 -0.209491 
-0.112611 0.090362 -0.221281 
-0.132322 0.089766 -0.235332 
-0.152299 0.089224 -0.251687 
-0.172470 0.088735 -0.270389 
-0.192747 0.088294 -0.291469 
-0.213026 0.087896 -0.314953 
-0.233175 0.087531 -0.340852 
-0.253036 0.087188 -0.369165 
-0.272412 0.086848 -0.399868 
-0.296252 0.086125 -0.433234 
-0.341424 0.086147 -0.470921 
-0.398375 0.087309 -0.515166 
-0.464856 0.088885 -0.567697 
-0.544764 0.090819 -0.630670 
-0.647589 0.093122 -0.707831 
-0.698132 0.095791 -0.798464 
-0.698132 0.098614 -0.894210 
-0.698132 0.101230 -0.990008 
-0.698132 0.103356 -1.085805 
-0.698132 0.104779 -1.181602 
-0.698132 0.105319 -1.277399 
-0.698132 0.104849 -1.373196 
-0.698132 0.103348 -1.468994 
-0.698132 0.100903 -1.564791 
-0.698132 0.097682 -1.660588 
-0.698132 0.093929 -1.756385 
-0.698132 0.089997 -1.852038 
-0.621667 0.086248 -1.940267 
-0.522501 0.082853 -2.013609 
-0.441743 0.079848 -2.073318 
-0.372059 0.077233 -2.122516 
-0.309486 0.074996 -2.163006 
-0.251701 0.073134 -2.195916 
-0.197231 0.071705 -2.221987 
-0.145068 0.071143 -2.241724 
-0.094494 0.075032 -2.255467 
-0.046339 0.119081 -2.263522 
-0.698132 0.698132 -2.310087 
