0 12.000000 
1 12.000000 
2 12.663747 
3 13.253175 
4 13.771674 
5 14.222643 
6 14.609491 
7 14.935618 
8 15.204405 
9 15.419207 
10 15.583348 
11 15.700116 
12 15.772765 
13 15.804506 
14 15.798517 
15 15.757935 
16 15.685859 
17 15.585353 
18 15.459445 
19 15.311129 
20 15.143369 
21 14.959099 
22 14.761225 
23 14.552630 
24 14.336170 
25 14.114681 
26 13.890978 
27 13.667852 
28 13.448072 
29 13.234381 
30 13.029488 
31 12.836065 
32 12.656735 
33 12.494062 
34 12.350531 
35 12.228543 
36 12.130387 
37 12.058238 
38 12.014137 
39 12.000000 
40 12.000000 
41 12.000000 
42 12.000000 
43 12.000000 
44 12.000000 
45 12.000000 
46 12.000000 
47 12.000000 
48 12.000000 
49 12.000000 
50 12.000000 
51 12.000000 
52 12.000000 
53 12.000000 
54 12.000000 
55 12.000000 
56 12.000000 
57 12.000000 
58 12.000000 
59 12.000000 
60 12.000000 
61 12.000000 
62 12.000000 
63 12.000000 
64 12.000000 
65 12.000000 
66 12.000000 
67 12.000000 
68 12.000000 
69 12.000000 
70 12.000000 
71 12.000000 
72 12.000000 
73 12.000000 
74 12.000000 
75 12.000000 
76 12.000000 
77 12.000000 
78 12.000000 
79 12.000000 
80 12.000000 
81 12.000000 
82 12.000000 
83 12.000000 
84 12.000000 
85 12.000000 
86 12.000000 
87 12.000000 
88 12.000000 
89 12.000000 
90 12.000000 
91 12.000000 
92 12.000000 
93 12.000000 
94 12.000000 
95 12.000000 
96 12.000000 
97 12.000000 
98 12.000000 
99 12.000000 
100 12.000000 
