0 0.000000 
1 4.844871 
2 4.302392 
3 3.784662 
4 3.291745 
5 2.823707 
6 2.380488 
7 1.961950 
8 1.567900 
9 1.198109 
10 0.852325 
11 0.530278 
12 0.231692 
13 -0.043715 
14 -0.296221 
15 -0.526101 
16 -0.733622 
17 -0.919040 
18 -1.082598 
19 -1.224525 
20 -1.345037 
21 -1.444332 
22 -1.522596 
23 -1.579999 
24 -1.616705 
25 -1.632870 
26 -1.628656 
27 -1.604232 
28 -1.559792 
29 -1.495569 
30 -1.411845 
31 -1.308975 
32 -1.187401 
33 -1.047666 
34 -0.890428 
35 -0.716461 
36 -0.526640 
37 -0.321900 
38 -0.103193 
39 0.000000 
40 0.000000 
41 0.000000 
42 0.000000 
43 0.000000 
44 -0.000000 
45 -0.000000 
46 -0.000000 
47 -0.000000 
48 0.000000 
49 -0.000000 
50 0.000000 
51 0.000000 
52 0.000000 
53 -0.000000 
54 0.000000 
55 -0.000000 
56 0.000000 
57 0.000000 
58 -0.000000 
59 -0.000000 
60 -0.000000 
61 0.000000 
62 -0.000000 
63 0.000000 
64 -0.000000 
65 0.000000 
66 -0.000000 
67 -0.000000 
68 -0.000000 
69 0.000000 
70 -0.000000 
71 -0.000000 
72 0.000000 
73 0.000000 
74 0.000000 
75 0.000000 
76 0.000000 
77 0.000000 
78 0.000000 
79 0.000000 
80 0.000000 
81 0.000000 
82 0.000000 
83 -0.000000 
84 -0.000000 
85 -0.000000 
86 0.000000 
87 -0.000000 
88 -0.000000 
89 -0.000000 
90 0.000000 
91 0.000000 
92 0.000000 
93 -0.000000 
94 -0.000000 
95 0.000000 
96 -0.000000 
97 -0.000000 
98 -0.000000 
99 -0.000000 
