5.000000 130.000000 30.000000 
6.571326 127.342530 29.801213 
8.354394 124.643040 29.388959 
10.426066 121.784628 28.935345 
12.718290 118.807873 28.434918 
15.170702 115.748695 27.900405 
17.728957 112.640508 27.343527 
20.343936 109.513722 26.775990 
22.978171 106.387614 26.202730 
25.612683 103.262973 25.622779 
28.239337 100.132332 25.039562 
30.851480 96.989538 24.456551 
33.437985 93.835910 23.875711 
35.981338 90.682562 23.302104 
38.464180 87.542663 22.741416 
40.872841 84.427152 22.198431 
43.197231 81.344895 21.676888 
45.430744 78.302830 21.179465 
47.570170 75.306098 20.707796 
49.615615 72.358172 20.262523 
51.570420 69.460975 19.843379 
53.441073 66.614988 19.449288 
55.237124 63.819350 19.078483 
56.971092 61.071967 18.728619 
58.658372 58.369611 18.396872 
60.317161 55.708043 18.080003 
61.968395 53.082145 17.774394 
63.635738 50.486080 17.476156 
65.341783 47.919372 17.182297 
67.105090 45.391354 16.891522 
68.942883 42.916733 16.603289 
70.872679 40.513033 16.317046 
72.911723 38.201258 16.032164 
75.076233 36.006621 15.747955 
77.380367 33.959333 15.463709 
79.834797 32.095352 15.178752 
82.444758 30.456953 14.892552 
85.207395 29.092709 14.604867 
88.108345 28.056002 14.315959 
91.117864 27.399777 14.026839 
94.188946 27.163110 13.739387 
97.263975 27.350466 13.456032 
100.291840 27.924373 13.178944 
103.240193 28.825363 12.909360 
106.094332 29.993734 12.647556 
108.851896 31.376753 12.393184 
111.519113 32.928404 12.145531 
114.108337 34.608102 11.903488 
116.636016 36.379429 11.662620 
119.117754 38.206656 11.368418 
121.314374 39.949218 10.165610 
