0 0.498420 
1 -0.014200 
2 0.021896 
3 0.014117 
4 0.009788 
5 0.005533 
6 0.001328 
7 0.006249 
8 0.006441 
9 -0.000247 
10 -0.000142 
11 -0.001789 
12 -0.004452 
13 -0.007112 
14 -0.009533 
15 -0.011663 
16 -0.013442 
17 -0.014810 
18 -0.015722 
19 -0.016144 
20 -0.016062 
21 -0.015477 
22 -0.014403 
23 -0.012860 
24 -0.010864 
25 -0.008427 
26 -0.005854 
27 -0.004245 
28 -0.003514 
29 -0.002875 
30 -0.002130 
31 -0.001294 
32 -0.000399 
33 0.000495 
34 0.001291 
35 0.001836 
36 0.001899 
37 0.001176 
38 -0.000642 
39 -0.003552 
40 -0.006751 
41 -0.009005 
42 -0.009857 
43 -0.009698 
44 -0.008973 
45 -0.007907 
46 -0.006184 
47 0.003233 
48 0.130847 
49 2.271619 
