0 0.000000 
1 0.128592 
2 0.124929 
3 0.130578 
4 0.134220 
5 0.136745 
6 0.138173 
7 0.138515 
8 0.140128 
9 0.141789 
10 0.141726 
11 0.141689 
12 0.141227 
13 0.140079 
14 0.138244 
15 0.135784 
16 0.132775 
17 0.129307 
18 0.125486 
19 0.121430 
20 0.117265 
21 0.113121 
22 0.109128 
23 0.105412 
24 0.102094 
25 0.099291 
26 0.097117 
27 0.095606 
28 0.094511 
29 0.093605 
30 0.092863 
31 0.092313 
32 0.091980 
33 0.091877 
34 0.092004 
35 0.092337 
36 0.092811 
37 0.093301 
38 0.093604 
39 0.093438 
40 0.092522 
41 0.090780 
42 0.088457 
43 0.085914 
44 0.083412 
45 0.081097 
46 0.079057 
47 0.077461 
48 0.078295 
49 0.112054 
50 0.698132 
