0 0.000000 
1 0.288616 
2 0.217201 
3 0.156467 
4 0.111796 
5 0.076663 
6 0.047562 
7 0.022461 
8 0.000875 
9 -0.015439 
10 -0.029022 
11 -0.040756 
12 -0.050790 
13 -0.059240 
14 -0.066077 
15 -0.071180 
16 -0.074374 
17 -0.075444 
18 -0.074146 
19 -0.070227 
20 -0.063445 
21 -0.053590 
22 -0.040510 
23 -0.024128 
24 -0.004460 
25 0.018375 
26 0.044140 
27 0.072541 
28 0.103466 
29 0.136971 
30 0.173061 
31 0.211723 
32 0.252959 
33 0.296763 
34 0.343093 
35 0.391769 
36 0.442263 
37 0.493185 
38 0.540871 
39 0.575303 
40 0.577076 
41 0.535486 
42 0.470088 
43 0.403268 
44 0.340451 
45 0.280386 
46 0.221948 
47 0.164616 
48 0.108088 
49 0.053605 
50 0.698132 
