0 1.118665 
1 -0.276800 
2 -0.235406 
3 -0.173140 
4 -0.136177 
5 -0.112793 
6 -0.097292 
7 -0.083667 
8 -0.063230 
9 -0.052650 
10 -0.045478 
11 -0.038891 
12 -0.032755 
13 -0.026498 
14 -0.019778 
15 -0.012382 
16 -0.004147 
17 0.005031 
18 0.015191 
19 0.026289 
20 0.038196 
21 0.050697 
22 0.063496 
23 0.076235 
24 0.088505 
25 0.099867 
26 0.110080 
27 0.119863 
28 0.129867 
29 0.139882 
30 0.149855 
31 0.159827 
32 0.169785 
33 0.179570 
34 0.188667 
35 0.195713 
36 0.197374 
37 0.184827 
38 0.133457 
39 0.006872 
40 -0.161199 
41 -0.253482 
42 -0.258992 
43 -0.243479 
44 -0.232810 
45 -0.226504 
46 -0.222214 
47 -0.219102 
48 -0.211173 
49 2.498164 
