0 -1.047198 
1 -1.015730 
2 -0.962786 
3 -0.927334 
4 -0.903592 
5 -0.887674 
6 -0.877479 
7 -0.871812 
8 -0.869930 
9 -0.871104 
10 -0.874690 
11 -0.880318 
12 -0.887719 
13 -0.896679 
14 -0.907013 
15 -0.918524 
16 -0.930983 
17 -0.944108 
18 -0.957545 
19 -0.970856 
20 -0.983512 
21 -0.994882 
22 -1.004252 
23 -1.010832 
24 -1.013797 
25 -1.012322 
26 -1.005640 
27 -0.993096 
28 -0.974125 
29 -0.948150 
30 -0.914549 
31 -0.872661 
32 -0.821782 
33 -0.761142 
34 -0.689897 
35 -0.607124 
36 -0.511857 
37 -0.403232 
38 -0.280951 
39 -0.146711 
40 -0.007026 
41 0.126658 
42 0.244925 
43 0.345310 
44 0.429191 
45 0.498183 
46 0.553366 
47 0.595458 
48 0.624965 
49 0.642390 
50 0.730944 
