0.000000 0.000000 -1.047198 
0.288616 0.128592 -1.015730 
0.217201 0.124929 -0.962786 
0.156467 0.130578 -0.927334 
0.111796 0.134220 -0.903592 
0.076663 0.136745 -0.887674 
0.047562 0.138173 -0.877479 
0.022461 0.138515 -0.871812 
0.000875 0.140128 -0.869930 
-0.015439 0.141789 -0.871104 
-0.029022 0.141726 -0.874690 
-0.040756 0.141689 -0.880318 
-0.050790 0.141227 -0.887719 
-0.059240 0.140079 -0.896679 
-0.066077 0.138244 -0.907013 
-0.071180 0.135784 -0.918524 
-0.074374 0.132775 -0.930983 
-0.075444 0.129307 -0.944108 
-0.074146 0.125486 -0.957545 
-0.070227 0.121430 -0.970856 
-0.063445 0.117265 -0.983512 
-0.053590 0.113121 -0.994882 
-0.040510 0.109128 -1.004252 
-0.024128 0.105412 -1.010832 
-0.004460 0.102094 -1.013797 
0.018375 0.099291 -1.012322 
0.044140 0.097117 -1.005640 
0.072541 0.095606 -0.993096 
0.103466 0.094511 -0.974125 
0.136971 0.093605 -0.948150 
0.173061 0.092863 -0.914549 
0.211723 0.092313 -0.872661 
0.252959 0.091980 -0.821782 
0.296763 0.091877 -0.761142 
0.343093 0.092004 -0.689897 
0.391769 0.092337 -0.607124 
0.442263 0.092811 -0.511857 
0.493185 0.093301 -0.403232 
0.540871 0.093604 -0.280951 
0.575303 0.093438 -0.146711 
0.577076 0.092522 -0.007026 
0.535486 0.090780 0.126658 
0.470088 0.088457 0.244925 
0.403268 0.085914 0.345310 
0.340451 0.083412 0.429191 
0.280386 0.081097 0.498183 
0.221948 0.079057 0.553366 
0.164616 0.077461 0.595458 
0.108088 0.078295 0.624965 
0.053605 0.112054 0.642390 
0.698132 0.698132 0.730944 
