0 12.000000 
1 12.000000 
2 13.284892 
3 14.307515 
4 15.074763 
5 15.600723 
6 15.902829 
7 16.000000 
8 16.000000 
9 16.000000 
10 16.000000 
11 16.000000 
12 15.936496 
13 15.781507 
14 15.552026 
15 15.264293 
16 14.933742 
17 14.574946 
18 14.201570 
19 13.826331 
20 13.460978 
21 13.116311 
22 12.802246 
23 12.527957 
24 12.302083 
25 12.133031 
26 12.029325 
27 12.000000 
28 12.000000 
29 12.000000 
30 12.000000 
31 12.000000 
32 12.000000 
33 12.000000 
34 12.000000 
35 12.000000 
36 12.000000 
37 12.000000 
38 12.000000 
39 12.000000 
40 12.000000 
41 12.000000 
42 12.000000 
43 12.000000 
44 12.000000 
45 12.000000 
46 12.000000 
47 12.000000 
48 12.000000 
49 12.000000 
50 12.000000 
