0 0.000000 
1 4.980203 
2 3.963656 
3 2.973827 
4 2.038606 
5 1.170954 
6 0.376630 
7 -0.000000 
8 -0.000000 
9 -0.000000 
10 -0.000000 
11 -0.246141 
12 -0.600732 
13 -0.889461 
14 -1.115244 
15 -1.281207 
16 -1.390682 
17 -1.447192 
18 -1.454415 
19 -1.416096 
20 -1.335920 
21 -1.217304 
22 -1.063138 
23 -0.875478 
24 -0.655242 
25 -0.401962 
26 -0.113662 
27 0.000000 
28 -0.000000 
29 -0.000000 
30 0.000000 
31 0.000000 
32 -0.000000 
33 -0.000000 
34 0.000000 
35 -0.000000 
36 -0.000000 
37 0.000000 
38 0.000000 
39 -0.000000 
40 0.000000 
41 -0.000000 
42 0.000000 
43 0.000000 
44 0.000000 
45 0.000000 
46 -0.000000 
47 0.000000 
48 -0.000000 
49 0.000000 
