5.000000 130.000000 30.000000 
7.662812 128.047585 29.776550 
10.370199 125.974335 29.318850 
13.209917 123.710361 28.830123 
16.138352 121.305909 28.308342 
19.119603 118.805395 27.765492 
22.123483 116.248699 27.211228 
25.125638 113.671183 26.654678 
28.107413 111.103856 26.104208 
31.055674 108.573586 25.566926 
33.962626 106.103285 25.048256 
36.825650 103.712080 24.551674 
39.647153 101.415446 24.078588 
42.434432 99.225310 23.628360 
45.199512 97.150131 23.198397 
47.958958 95.194952 22.784336 
50.733686 93.361433 22.380567 
53.548854 91.647848 21.981484 
56.425074 90.054776 21.583507 
59.368573 88.589840 21.185929 
62.376664 87.262285 20.789490 
65.444344 86.077949 20.395291 
68.564676 85.038309 20.004716 
71.729436 84.139824 19.619281 
74.929900 83.373670 19.240447 
78.157606 82.725896 18.869444 
81.404955 82.177888 18.507140 
84.665522 81.706987 18.153980 
87.934060 81.287121 17.809992 
91.206188 80.889369 17.474841 
94.477812 80.482414 17.147919 
97.744295 80.032907 16.828457 
100.999432 79.505791 16.515654 
104.234239 78.864707 16.208830 
107.435626 78.072650 15.907596 
110.585107 77.093207 15.612024 
113.657936 75.892938 15.322756 
116.623312 74.444611 15.043276 
119.441613 72.725951 14.770449 
122.048793 70.703870 14.490100 
124.329771 68.325324 14.194458 
126.135967 65.572426 13.884316 
127.380907 62.525069 13.565662 
128.018517 59.294955 13.250420 
128.034272 55.999203 12.948836 
127.483806 52.741816 12.665449 
126.503512 49.578845 12.399096 
125.218355 46.521507 12.140392 
123.726792 43.557879 11.861879 
122.113959 40.671520 11.458805 
120.530561 38.128213 10.107018 
