0 0.489635 
1 -0.012210 
2 0.014517 
3 0.007702 
4 0.004917 
5 0.002142 
6 -0.000979 
7 -0.004161 
8 -0.007063 
9 -0.009382 
10 -0.010857 
11 -0.011293 
12 -0.010557 
13 -0.008567 
14 -0.005377 
15 -0.001832 
16 -0.000152 
17 -0.000138 
18 -0.000745 
19 -0.001768 
20 -0.003168 
21 -0.004814 
22 -0.006506 
23 -0.008031 
24 -0.009209 
25 -0.009937 
26 -0.010185 
27 -0.009992 
28 -0.009443 
29 -0.008650 
30 -0.007747 
31 -0.006889 
32 -0.006251 
33 -0.006029 
34 -0.006413 
35 -0.007435 
36 -0.014060 
37 -0.000553 
38 0.017061 
39 0.016520 
40 0.015341 
41 0.003368 
42 -0.010863 
43 -0.019149 
44 -0.020818 
45 -0.016575 
46 -0.000212 
47 0.043698 
48 0.230344 
49 1.972228 
