0 0.000000 
1 0.135139 
2 0.131769 
3 0.135776 
4 0.137902 
5 0.139259 
6 0.139850 
7 0.139580 
8 0.138431 
9 0.136482 
10 0.133892 
11 0.130896 
12 0.127779 
13 0.124865 
14 0.122500 
15 0.121016 
16 0.120511 
17 0.120469 
18 0.120431 
19 0.120225 
20 0.119737 
21 0.118863 
22 0.117534 
23 0.115738 
24 0.113522 
25 0.110980 
26 0.108238 
27 0.105427 
28 0.102669 
29 0.100063 
30 0.097675 
31 0.095537 
32 0.093636 
33 0.091910 
34 0.090246 
35 0.088476 
36 0.086424 
37 0.082544 
38 0.082391 
39 0.087100 
40 0.091660 
41 0.095894 
42 0.096823 
43 0.093825 
44 0.088540 
45 0.082794 
46 0.078219 
47 0.078161 
48 0.090222 
49 0.153797 
50 0.698132 
