0 0.000000 
1 -0.113771 
2 -0.090326 
3 -0.069869 
4 -0.052634 
5 -0.037085 
6 -0.022197 
7 -0.007257 
8 0.008248 
9 0.024681 
10 0.042268 
11 0.061087 
12 0.081032 
13 0.101764 
14 0.122646 
15 0.142710 
16 0.160901 
17 0.176768 
18 0.189794 
19 0.199008 
20 0.203357 
21 0.201965 
22 0.194296 
23 0.180231 
24 0.160046 
25 0.134279 
26 0.103591 
27 0.068649 
28 0.030057 
29 -0.011660 
30 -0.056056 
31 -0.102734 
32 -0.151287 
33 -0.201178 
34 -0.251466 
35 -0.300211 
36 -0.343621 
37 -0.381611 
38 -0.442436 
39 -0.565648 
40 -0.698132 
41 -0.698132 
42 -0.698132 
43 -0.698132 
44 -0.664494 
45 -0.523231 
46 -0.398526 
47 -0.287664 
48 -0.185531 
49 -0.091267 
50 -0.698132 
