0 -0.412214 
1 0.084947 
2 0.074119 
3 0.062444 
4 0.056340 
5 0.053941 
6 0.054130 
7 0.056178 
8 0.059540 
9 0.063721 
10 0.068183 
11 0.072266 
12 0.075116 
13 0.075659 
14 0.072697 
15 0.065907 
16 0.057490 
17 0.047198 
18 0.033381 
19 0.015757 
20 -0.005041 
21 -0.027789 
22 -0.050958 
23 -0.073135 
24 -0.093358 
25 -0.111188 
26 -0.126604 
27 -0.139824 
28 -0.151148 
29 -0.160857 
30 -0.169124 
31 -0.175917 
32 -0.180765 
33 -0.182201 
34 -0.176615 
35 -0.157283 
36 -0.137642 
37 -0.220383 
38 -0.446419 
39 -0.480013 
40 0.000000 
41 -0.000000 
42 0.000000 
43 0.121876 
44 0.511823 
45 0.451830 
46 0.401671 
47 0.370048 
48 0.341537 
49 -2.198785 
