0 -0.628319 
1 -0.641427 
2 -0.664111 
3 -0.680758 
4 -0.692908 
5 -0.701536 
6 -0.707131 
7 -0.709869 
8 -0.709717 
9 -0.706478 
10 -0.699832 
11 -0.689363 
12 -0.674606 
13 -0.655106 
14 -0.630514 
15 -0.600717 
16 -0.565959 
17 -0.526860 
18 -0.484240 
19 -0.438976 
20 -0.392094 
21 -0.344858 
22 -0.298705 
23 -0.255140 
24 -0.215635 
25 -0.181545 
26 -0.154059 
27 -0.134201 
28 -0.122839 
29 -0.120723 
30 -0.128513 
31 -0.146809 
32 -0.176168 
33 -0.217099 
34 -0.270005 
35 -0.335016 
36 -0.411598 
37 -0.498745 
38 -0.599271 
39 -0.726228 
40 -0.894099 
41 -1.086459 
42 -1.279447 
43 -1.472235 
44 -1.657301 
45 -1.811551 
46 -1.925537 
47 -2.007673 
48 -2.063147 
49 -2.095201 
50 -2.194746 
