0.000000 0.000000 -0.628319 
-0.113771 0.135139 -0.641427 
-0.090326 0.131769 -0.664111 
-0.069869 0.135776 -0.680758 
-0.052634 0.137902 -0.692908 
-0.037085 0.139259 -0.701536 
-0.022197 0.139850 -0.707131 
-0.007257 0.139580 -0.709869 
0.008248 0.138431 -0.709717 
0.024681 0.136482 -0.706478 
0.042268 0.133892 -0.699832 
0.061087 0.130896 -0.689363 
0.081032 0.127779 -0.674606 
0.101764 0.124865 -0.655106 
0.122646 0.122500 -0.630514 
0.142710 0.121016 -0.600717 
0.160901 0.120511 -0.565959 
0.176768 0.120469 -0.526860 
0.189794 0.120431 -0.484240 
0.199008 0.120225 -0.438976 
0.203357 0.119737 -0.392094 
0.201965 0.118863 -0.344858 
0.194296 0.117534 -0.298705 
0.180231 0.115738 -0.255140 
0.160046 0.113522 -0.215635 
0.134279 0.110980 -0.181545 
0.103591 0.108238 -0.154059 
0.068649 0.105427 -0.134201 
0.030057 0.102669 -0.122839 
-0.011660 0.100063 -0.120723 
-0.056056 0.097675 -0.128513 
-0.102734 0.095537 -0.146809 
-0.151287 0.093636 -0.176168 
-0.201178 0.091910 -0.217099 
-0.251466 0.090246 -0.270005 
-0.300211 0.088476 -0.335016 
-0.343621 0.086424 -0.411598 
-0.381611 0.082544 -0.498745 
-0.442436 0.082391 -0.599271 
-0.565648 0.087100 -0.726228 
-0.698132 0.091660 -0.894099 
-0.698132 0.095894 -1.086459 
-0.698132 0.096823 -1.279447 
-0.698132 0.093825 -1.472235 
-0.664494 0.088540 -1.657301 
-0.523231 0.082794 -1.811551 
-0.398526 0.078219 -1.925537 
-0.287664 0.078161 -2.007673 
-0.185531 0.090222 -2.063147 
-0.091267 0.153797 -2.095201 
-0.698132 0.698132 -2.194746 
