0 12.000000 
1 12.000000 
2 12.932172 
3 13.621319 
4 14.092958 
5 14.372994 
6 14.487374 
7 14.461839 
8 14.321800 
9 14.092322 
10 13.798178 
11 13.463966 
12 13.114247 
13 12.773687 
14 12.467133 
15 12.219542 
16 12.055730 
17 12.000000 
18 12.000000 
19 12.000000 
20 12.000000 
21 12.000000 
22 12.000000 
23 12.000000 
24 12.000000 
25 12.000000 
26 12.000000 
27 12.000000 
28 12.000000 
29 12.000000 
30 12.000000 
31 12.000000 
32 12.000000 
33 12.000000 
34 12.000000 
35 12.000000 
36 12.000000 
37 12.000000 
38 12.000000 
39 12.000000 
40 12.000000 
41 12.000000 
42 12.000000 
43 12.000000 
44 12.000000 
45 12.000000 
46 12.000000 
47 12.000000 
48 12.000000 
49 12.000000 
50 12.000000 
