0 0.000000 
1 3.377436 
2 2.496907 
3 1.708839 
4 1.014621 
5 0.414422 
6 -0.092517 
7 -0.507387 
8 -0.831444 
9 -1.065737 
10 -1.210913 
11 -1.267099 
12 -1.233913 
13 -1.110704 
14 -0.897070 
15 -0.593521 
16 -0.201920 
17 -0.000000 
18 0.000000 
19 -0.000000 
20 -0.000000 
21 0.000000 
22 -0.000000 
23 0.000000 
24 -0.000000 
25 -0.000000 
26 0.000000 
27 -0.000000 
28 -0.000000 
29 -0.000000 
30 0.000000 
31 0.000000 
32 0.000000 
33 0.000000 
34 0.000000 
35 -0.000000 
36 0.000000 
37 0.000000 
38 -0.000000 
39 -0.000000 
40 -0.000000 
41 0.000000 
42 -0.000000 
43 0.000000 
44 0.000000 
45 -0.000000 
46 -0.000000 
47 -0.000000 
48 0.000000 
49 -0.000000 
